"DP","L.Fx","L.Fy","L.Fz","L.Mx","L.My","L.Mz","R.Fx","R.Fy","R.Fz","R.Mx","R.My","R.Mz","L.COFx","L.COFy","R.COFx","R.COFy","COFx","COFy","COGx","COGy"
1,11.133,-0.37,351.287,-151.4,-157.981,-50.871,-13.107,-4.774,292.742,-235.082,108.459,23.722,-1.111,-1.094,0.897,-2.024,-1.237,-1.516,-0.014,-0.001
2,11.419,-0.527,351.718,-154.515,-159.736,-49.478,-12.835,-5.399,292.742,-235.082,108.459,25.919,-1.121,-1.114,0.898,-2.021,-1.25,-1.526,-0.021,-0.001
3,11.228,-0.412,351.287,-151.4,-157.981,-49.967,-13.109,-5.262,292.742,-235.082,108.459,23.408,-1.11,-1.094,0.897,-2.022,-1.237,-1.516,-0.028,-0.002
4,11.268,-0.762,351.297,-157.583,-158.003,-48.238,-13.063,-5.029,292.742,-235.082,108.459,26.313,-1.11,-1.137,0.897,-2.023,-1.237,-1.54,-0.035,-0.003
5,11.106,-0.137,350.867,-154.468,-156.249,-52.963,-13.156,-5.258,293.183,-244.56,110.075,27.24,-1.1,-1.118,0.909,-2.101,-1.209,-1.565,-0.041,-0.004
6,11.416,-0.232,350.422,-151.278,-158.037,-47.166,-12.917,-5.167,293.624,-241.382,108.272,25.623,-1.113,-1.096,0.893,-2.071,-1.206,-1.54,-0.047,-0.005
7,11.502,-0.142,350.415,-157.7,-158.074,-54.8,-12.925,-5.132,293.624,-241.382,108.272,28.058,-1.113,-1.143,0.893,-2.071,-1.206,-1.566,-0.053,-0.006
8,11.41,-0.188,349.995,-160.768,-156.341,-47.395,-12.954,-5.521,294.088,-244.697,106.395,27.4,-1.102,-1.166,0.875,-2.095,-1.191,-1.59,-0.058,-0.008
9,11.268,-0.32,349.12,-154.463,-156.375,-47.578,-13.057,-5.038,293.183,-244.56,110.075,29.815,-1.106,-1.123,0.91,-2.102,-1.181,-1.57,-0.063,-0.009
10,11.326,-0.154,349.55,-157.578,-158.13,-51.494,-12.827,-4.988,294.506,-247.682,108.084,27.04,-1.117,-1.145,0.889,-2.119,-1.176,-1.59,-0.068,-0.011
11,11.359,-0.174,349.54,-151.395,-158.108,-49.88,-12.701,-5.481,294.506,-247.682,108.084,21.352,-1.117,-1.1,0.889,-2.118,-1.176,-1.565,-0.073,-0.013
12,11.272,-0.147,348.689,-151.348,-154.621,-53.044,-13.37,-5.485,294.506,-247.682,108.084,27.298,-1.094,-1.102,0.887,-2.118,-1.15,-1.567,-0.077,-0.015
13,10.984,0.16,348.238,-154.58,-156.446,-53.711,-13.052,-5.208,294.506,-247.682,108.084,25.619,-1.11,-1.128,0.888,-2.119,-1.15,-1.582,-0.081,-0.018
14,11.267,-0.459,348.248,-160.763,-156.468,-50.668,-13.097,-5.299,294.506,-247.682,108.084,22.364,-1.109,-1.171,0.888,-2.118,-1.15,-1.605,-0.084,-0.02
15,11.237,-0.465,348.238,-154.58,-156.446,-48.757,-13.27,-5.119,294.924,-250.666,109.773,30.259,-1.109,-1.126,0.901,-2.142,-1.135,-1.592,-0.088,-0.022
16,11.23,-0.01,348.248,-160.763,-156.468,-48.009,-12.952,-5.298,295.388,-253.982,107.897,23.482,-1.109,-1.173,0.884,-2.166,-1.133,-1.629,-0.091,-0.025
17,10.917,-0.956,348.248,-160.763,-156.468,-51.115,-13.444,-5.433,294.924,-250.666,109.773,25.526,-1.11,-1.17,0.9,-2.141,-1.136,-1.615,-0.093,-0.028
18,10.939,-0.253,348.248,-160.763,-156.468,-49.563,-13.052,-5.885,296.257,-247.745,107.843,25.269,-1.11,-1.172,0.881,-2.104,-1.117,-1.601,-0.095,-0.031
19,10.885,-0.101,346.945,-163.948,-154.806,-50.185,-13.215,-5.388,295.388,-253.982,107.897,27.023,-1.102,-1.2,0.883,-2.166,-1.106,-1.644,-0.097,-0.034
20,11.044,-0.255,348.248,-160.763,-156.468,-52.679,-13.267,-5.198,295.829,-250.804,106.093,25.992,-1.11,-1.172,0.867,-2.136,-1.132,-1.615,-0.099,-0.037
21,11.059,-0.4,348.248,-160.763,-156.468,-51.239,-13.173,-5.478,296.675,-250.73,109.533,23.892,-1.11,-1.171,0.894,-2.128,-1.102,-1.612,-0.1,-0.04
22,10.882,-0.285,347.397,-160.716,-152.981,-52.996,-13.076,-5.251,296.675,-250.73,109.533,29.247,-1.087,-1.174,0.894,-2.129,-1.075,-1.614,-0.101,-0.043
23,10.784,-0.465,346.945,-163.948,-154.806,-53.005,-12.991,-5.787,296.234,-253.908,111.336,23.531,-1.102,-1.199,0.911,-2.158,-1.076,-1.641,-0.102,-0.046
24,11.341,-0.399,346.945,-163.948,-154.806,-54.641,-13.175,-5.349,296.698,-257.223,109.46,23.369,-1.101,-1.199,0.893,-2.184,-1.074,-1.653,-0.103,-0.05
25,11.004,-0.59,346.501,-160.758,-156.595,-52.96,-13.355,-5.436,296.675,-250.73,109.533,25.59,-1.116,-1.177,0.893,-2.128,-1.075,-1.616,-0.103,-0.053
26,10.61,-0.408,346.501,-160.758,-156.595,-49.037,-13.254,-5.528,297.557,-257.03,109.345,26.272,-1.117,-1.177,0.889,-2.176,-1.059,-1.639,-0.103,-0.056
27,10.756,-0.361,346.532,-160.595,-153.036,-51.878,-13.03,-5.392,297.139,-254.045,107.656,24.251,-1.091,-1.176,0.877,-2.154,-1.06,-1.627,-0.102,-0.06
28,10.927,-0.538,346.522,-154.412,-153.015,-48.428,-13.089,-5.566,297.567,-250.987,109.406,23.859,-1.09,-1.13,0.89,-2.124,-1.044,-1.589,-0.102,-0.063
29,10.879,-0.384,346.522,-154.412,-153.015,-50.106,-13.203,-5.703,297.985,-253.971,111.096,25.259,-1.09,-1.131,0.903,-2.146,-1.029,-1.6,-0.101,-0.067
30,10.892,-0.186,346.07,-157.643,-154.84,-54.346,-13.308,-5.168,298.426,-250.793,109.292,24.552,-1.105,-1.156,0.886,-2.117,-1.028,-1.601,-0.1,-0.07
31,10.485,-0.273,346.07,-157.643,-154.84,-50.326,-13.485,-5.339,297.985,-253.971,111.096,23.816,-1.106,-1.156,0.902,-2.147,-1.03,-1.615,-0.098,-0.073
32,11.155,-0.04,346.092,-151.297,-151.26,-50.323,-13.306,-5.342,297.985,-253.971,111.096,26.667,-1.078,-1.11,0.903,-2.147,-1.015,-1.59,-0.097,-0.076
33,11.125,0.121,346.092,-151.297,-151.26,-52.855,-13.569,-5.072,297.985,-253.971,111.096,23.807,-1.078,-1.111,0.902,-2.148,-1.016,-1.591,-0.095,-0.079
34,10.888,-0.171,346.078,-151.222,-154.803,-51.914,-13.441,-5.436,298.413,-250.913,112.846,24.183,-1.105,-1.109,0.916,-2.118,-1.015,-1.576,-0.093,-0.082
35,10.842,0.274,345.647,-148.107,-153.049,-52.12,-13.348,-5.16,297.985,-253.971,111.096,26.34,-1.093,-1.089,0.903,-2.148,-1.016,-1.579,-0.09,-0.085
36,11.07,0.249,346.068,-145.039,-154.782,-57.823,-12.855,-5.392,297.103,-247.671,111.283,27.829,-1.104,-1.065,0.909,-2.099,-1.045,-1.543,-0.088,-0.088
37,10.48,0.049,344.773,-141.802,-153.083,-57.478,-13.222,-5.03,296.639,-244.356,113.16,32.057,-1.098,-1.045,0.925,-2.076,-1.02,-1.522,-0.085,-0.09
38,10.144,-0.253,344.794,-135.456,-149.502,-50.043,-13.534,-5.438,297.103,-247.671,111.283,25.57,-1.072,-0.997,0.906,-2.099,-1.006,-1.507,-0.083,-0.092
39,10.307,-0.088,344.773,-141.802,-153.083,-53.761,-13.403,-5.832,296.198,-247.534,114.964,28.42,-1.098,-1.044,0.941,-2.103,-1.022,-1.534,-0.08,-0.094
40,10.401,-0.04,344.794,-135.456,-149.502,-57.431,-13.175,-5.48,297.103,-247.671,111.283,26.652,-1.071,-0.998,0.907,-2.099,-1.005,-1.508,-0.077,-0.096
41,10.574,-0.114,345.193,-138.734,-154.816,-54.668,-13.396,-5.387,297.531,-244.613,113.033,22.727,-1.109,-1.021,0.92,-2.07,-1.017,-1.506,-0.074,-0.097
42,10.713,0.148,344.342,-138.687,-151.328,-50.716,-13.824,-5.341,298.413,-250.913,112.846,28.793,-1.085,-1.023,0.915,-2.118,-0.974,-1.532,-0.071,-0.098
43,10.624,-0.204,344.794,-135.456,-149.502,-53.51,-13.608,-5.115,297.949,-247.598,114.723,24.52,-1.071,-0.997,0.933,-2.094,-0.975,-1.506,-0.068,-0.099
44,11.09,0.012,343.898,-135.498,-153.117,-52.492,-13.351,-5.436,298.854,-247.735,111.042,26.309,-1.099,-1.001,0.9,-2.088,-0.971,-1.506,-0.065,-0.1
45,10.398,0.269,344.342,-138.687,-151.328,-54.236,-13.297,-5.335,299.272,-250.72,112.732,26.74,-1.086,-1.024,0.913,-2.11,-0.957,-1.529,-0.061,-0.101
46,10.847,0.467,344.794,-135.456,-149.502,-53.479,-13.797,-5.346,299.7,-247.661,114.482,29.84,-1.07,-0.999,0.925,-2.081,-0.942,-1.502,-0.058,-0.101
47,10.573,-0.024,344.794,-135.456,-149.502,-51.202,-13.565,-5.432,300.164,-250.977,112.605,28.834,-1.071,-0.998,0.908,-2.106,-0.941,-1.513,-0.054,-0.102
48,10.844,0.15,344.342,-138.687,-151.328,-53.232,-13.565,-5.213,300.582,-253.961,114.295,24.206,-1.085,-1.023,0.921,-2.129,-0.925,-1.539,-0.05,-0.102
49,10.75,0.721,344.35,-132.266,-151.291,-52.832,-13.245,-5.655,300.164,-250.977,112.605,26.756,-1.085,-0.978,0.909,-2.105,-0.94,-1.503,-0.046,-0.102
50,10.491,0.445,343.919,-129.151,-149.537,-51.463,-13.651,-5.387,300.582,-253.961,114.295,25.641,-1.074,-0.955,0.921,-2.128,-0.912,-1.502,-0.042,-0.102
51,10.585,0.365,343.468,-132.383,-151.362,-54.147,-13.291,-5.07,301.024,-250.783,112.491,27.501,-1.089,-0.98,0.905,-2.099,-0.91,-1.503,-0.038,-0.102
52,10.444,0.587,344.363,-132.341,-147.748,-55.599,-13.52,-5.38,300.118,-250.646,116.171,25.365,-1.06,-0.978,0.939,-2.104,-0.914,-1.502,-0.033,-0.101
53,10.459,0.821,343.037,-129.268,-149.608,-51.702,-13.653,-5.068,300.582,-253.961,114.295,26.705,-1.077,-0.96,0.921,-2.129,-0.898,-1.506,-0.029,-0.101
54,10.185,0.331,343.468,-132.383,-151.362,-49.834,-13.561,-5.203,300.582,-253.961,114.295,23.56,-1.09,-0.98,0.921,-2.129,-0.912,-1.516,-0.024,-0.101
55,10.551,0.456,343.468,-132.383,-151.362,-48.941,-14.193,-5.425,300.582,-253.961,114.295,25.203,-1.089,-0.98,0.919,-2.128,-0.913,-1.516,-0.02,-0.1
56,10.431,0.411,343.898,-135.498,-153.117,-52.759,-13.513,-5.293,300.596,-253.842,110.74,23.872,-1.101,-1.002,0.891,-2.127,-0.94,-1.527,-0.015,-0.099
57,10.624,0.139,343.912,-135.572,-149.573,-53.596,-13.518,-5.163,300.582,-253.961,114.295,25.639,-1.074,-1.002,0.921,-2.129,-0.912,-1.527,-0.011,-0.099
58,10.592,0.279,343.922,-141.756,-149.595,-55.632,-13.517,-5.205,300.582,-253.961,114.295,23.904,-1.074,-1.048,0.921,-2.129,-0.912,-1.552,-0.006,-0.098
59,10.293,0.368,343.499,-132.219,-147.804,-49.576,-13.555,-5.291,299.736,-254.035,110.855,22.836,-1.063,-0.979,0.895,-2.135,-0.928,-1.518,-0.001,-0.098
60,10.673,0.18,343.047,-135.451,-149.629,-49.345,-13.604,-5.023,299.736,-254.035,110.855,28.859,-1.077,-1.003,0.894,-2.136,-0.928,-1.532,0.003,-0.097
61,10.506,-0.202,342.595,-138.683,-151.455,-50.985,-13.384,-5.156,299.736,-254.035,110.855,24.573,-1.092,-1.028,0.895,-2.136,-0.928,-1.545,0.008,-0.097
62,10.238,0.329,342.595,-138.683,-151.455,-50.265,-13.69,-5.79,300.155,-257.02,112.544,25.623,-1.093,-1.029,0.907,-2.156,-0.914,-1.555,0.012,-0.096
63,10.54,0.103,343.491,-138.641,-147.841,-48.195,-13.744,-5.386,300.155,-257.02,112.544,24.21,-1.063,-1.025,0.907,-2.157,-0.914,-1.553,0.017,-0.096
64,10.509,-0.017,343.047,-135.451,-149.629,-53.824,-13.664,-5.341,300.582,-253.961,114.295,24.536,-1.077,-1.003,0.921,-2.128,-0.898,-1.529,0.021,-0.095
65,10.804,-0.002,343.47,-144.987,-151.421,-53.396,-13.285,-5.828,300.177,-263.513,112.471,24.958,-1.088,-1.072,0.908,-2.211,-0.926,-1.603,0.025,-0.095
66,10.686,0.27,343.922,-141.756,-149.595,-51.454,-13.149,-5.785,300.155,-257.02,112.544,26.456,-1.074,-1.048,0.909,-2.156,-0.927,-1.564,0.03,-0.095
67,10.454,-0.444,343.04,-141.872,-149.666,-57.484,-13.565,-5.743,300.582,-253.961,114.295,24.241,-1.078,-1.049,0.921,-2.127,-0.898,-1.553,0.034,-0.095
68,10.482,-0.225,343.47,-144.987,-151.421,-54.711,-12.936,-5.56,300.155,-257.02,112.544,27.908,-1.089,-1.072,0.91,-2.157,-0.926,-1.578,0.038,-0.095
69,10.506,-0.482,343.05,-148.056,-149.688,-52.678,-13.47,-5.431,300.155,-257.02,112.544,30.996,-1.078,-1.095,0.908,-2.157,-0.913,-1.591,0.042,-0.095
70,10.948,-0.47,343.05,-148.056,-149.688,-53.976,-13.245,-5.25,300.619,-260.335,110.667,26.378,-1.077,-1.095,0.891,-2.182,-0.911,-1.603,0.046,-0.095
71,10.671,-0.479,343.05,-148.056,-149.688,-57.498,-13.11,-5.293,301.464,-260.261,114.107,25.752,-1.077,-1.095,0.918,-2.175,-0.881,-1.6,0.05,-0.095
72,10.852,-0.302,343.05,-148.056,-149.688,-53.286,-13.512,-5.657,299.713,-260.198,114.348,21.738,-1.077,-1.095,0.924,-2.186,-0.914,-1.604,0.053,-0.095
73,10.408,0.096,343.47,-144.987,-151.421,-57.032,-13.555,-5.508,300.619,-260.335,110.667,25.375,-1.09,-1.072,0.89,-2.181,-0.926,-1.59,0.057,-0.096
74,10.462,-0.295,343.05,-148.056,-149.688,-53.523,-13.61,-5.754,300.155,-257.02,112.544,25.921,-1.078,-1.095,0.907,-2.156,-0.914,-1.59,0.061,-0.096
75,10.144,-0.306,343.05,-148.056,-149.688,-51.157,-13.246,-5.922,300.155,-257.02,112.544,23.894,-1.079,-1.095,0.909,-2.155,-0.914,-1.59,0.064,-0.097
76,10.23,-0.437,343.05,-148.056,-149.688,-53.596,-13.469,-5.474,299.713,-260.198,114.348,24.89,-1.079,-1.095,0.925,-2.187,-0.915,-1.604,0.068,-0.098
77,10.722,-0.135,343.05,-148.056,-149.688,-55.815,-13.338,-5.293,300.155,-257.02,112.544,23.885,-1.077,-1.096,0.908,-2.158,-0.913,-1.591,0.071,-0.099
78,10.717,-0.173,343.47,-144.987,-151.421,-53.986,-13.475,-5.746,300.155,-257.02,112.544,24.913,-1.089,-1.072,0.908,-2.156,-0.927,-1.577,0.074,-0.099
79,10.766,-0.759,343.05,-148.056,-149.688,-54.119,-13.47,-5.652,300.582,-253.961,114.295,27.842,-1.077,-1.094,0.921,-2.127,-0.898,-1.577,0.078,-0.1
80,10.51,-0.338,343.05,-148.056,-149.688,-53.606,-13.51,-5.739,300.619,-260.335,110.667,23.888,-1.078,-1.095,0.891,-2.181,-0.912,-1.602,0.081,-0.101
81,10.807,-0.483,343.47,-144.987,-151.421,-53.678,-13.436,-5.698,299.713,-260.198,114.348,25.658,-1.088,-1.071,0.925,-2.186,-0.928,-1.591,0.084,-0.102
82,10.579,-0.308,343.04,-141.872,-149.666,-56.827,-13.337,-5.294,299.713,-260.198,114.348,27.463,-1.077,-1.05,0.925,-2.188,-0.914,-1.58,0.086,-0.103
83,10.412,-0.254,343.47,-144.987,-151.421,-52.174,-13.242,-5.654,300.582,-253.961,114.295,23.934,-1.09,-1.071,0.922,-2.127,-0.912,-1.564,0.089,-0.104
84,10.544,-0.208,343.04,-141.872,-149.666,-49.264,-13.288,-5.516,301.046,-257.277,112.418,26.085,-1.078,-1.05,0.905,-2.153,-0.896,-1.565,0.092,-0.105
85,10.552,0.246,343.491,-138.641,-147.841,-49.866,-13.206,-5.301,300.582,-253.961,114.295,26.408,-1.063,-1.026,0.922,-2.129,-0.898,-1.541,0.094,-0.105
86,11.075,0.272,343.478,-138.566,-151.384,-49.616,-13.285,-5.609,301.046,-257.277,112.418,27.492,-1.087,-1.025,0.905,-2.152,-0.909,-1.552,0.097,-0.106
87,10.549,-0.2,343.478,-138.566,-151.384,-52.853,-13.208,-5.656,300.619,-260.335,110.667,27.113,-1.089,-1.024,0.892,-2.181,-0.925,-1.564,0.1,-0.107
88,10.998,-0.032,342.595,-138.683,-151.455,-54.265,-13.206,-5.433,300.619,-260.335,110.667,28.892,-1.091,-1.028,0.892,-2.182,-0.91,-1.567,0.102,-0.107
89,11.012,0.146,343.898,-135.498,-153.117,-52.467,-13.296,-5.248,300.619,-260.335,110.667,25.319,-1.099,-1.001,0.891,-2.182,-0.938,-1.552,0.104,-0.108
90,10.921,0.302,344.342,-138.687,-151.328,-57.599,-13.339,-5.373,300.582,-253.961,114.295,23.215,-1.085,-1.024,0.922,-2.128,-0.925,-1.539,0.106,-0.108
91,10.993,0.646,344.342,-138.687,-151.328,-52.398,-13.437,-5.616,300.582,-253.961,114.295,22.079,-1.084,-1.025,0.922,-2.128,-0.925,-1.539,0.108,-0.109
92,11.058,-0.216,344.342,-138.687,-151.328,-51.587,-13.116,-5.524,300.141,-257.139,116.098,22.456,-1.084,-1.022,0.939,-2.158,-0.926,-1.551,0.11,-0.109
93,10.905,-0.527,344.342,-138.687,-151.328,-51.924,-13.025,-5.47,300.155,-257.02,112.544,25.722,-1.085,-1.021,0.909,-2.157,-0.94,-1.55,0.112,-0.109
94,10.683,0.186,344.763,-135.619,-153.061,-54.299,-13.605,-5.483,300.155,-257.02,112.544,23.081,-1.097,-1,0.908,-2.157,-0.955,-1.538,0.114,-0.11
95,10.747,-0.116,344.342,-138.687,-151.328,-50.991,-13.378,-5.353,300.141,-257.139,116.098,28.153,-1.085,-1.023,0.938,-2.158,-0.927,-1.552,0.115,-0.11
96,10.776,0.069,344.342,-138.687,-151.328,-52.528,-13.296,-5.252,301.046,-257.277,112.418,23.174,-1.085,-1.023,0.905,-2.153,-0.924,-1.55,0.117,-0.11
97,11.121,0.45,344.342,-138.687,-151.328,-54.184,-13.348,-5.256,300.582,-253.961,114.295,27.079,-1.084,-1.024,0.922,-2.129,-0.925,-1.539,0.118,-0.11
98,10.856,0.183,343.898,-135.498,-153.117,-52.883,-13.3,-5.38,300.155,-257.02,112.544,23.516,-1.099,-1.001,0.909,-2.157,-0.94,-1.54,0.119,-0.11
99,10.714,-0.124,343.898,-135.498,-153.117,-48.778,-13.569,-5.069,300.141,-257.139,116.098,28.851,-1.1,-1,0.938,-2.159,-0.927,-1.541,0.12,-0.11
100,11.111,0.269,343.468,-132.383,-151.362,-55.683,-13.697,-5.348,300.164,-250.977,112.605,27.025,-1.087,-0.98,0.908,-2.106,-0.926,-1.505,0.121,-0.11
101,11.372,0.203,343.468,-132.383,-151.362,-54.866,-12.991,-5.204,300.596,-253.842,110.74,27.566,-1.086,-0.98,0.893,-2.128,-0.923,-1.515,0.122,-0.109
102,11.479,0.319,343.468,-132.383,-151.362,-49.84,-13.523,-5.208,299.736,-254.035,110.855,24.516,-1.086,-0.98,0.895,-2.136,-0.94,-1.518,0.123,-0.109
103,10.727,0.542,343.468,-132.383,-151.362,-54.773,-13.343,-5.16,300.164,-250.977,112.605,27.154,-1.088,-0.981,0.909,-2.107,-0.926,-1.506,0.124,-0.109
104,11.403,0.675,343.468,-132.383,-151.362,-55.235,-13.386,-5.155,299.736,-254.035,110.855,26.064,-1.086,-0.981,0.895,-2.136,-0.94,-1.519,0.125,-0.108
105,10.812,0.107,343.898,-135.498,-153.117,-50.471,-13.115,-5.112,300.164,-250.977,112.605,26.469,-1.1,-1.001,0.91,-2.107,-0.939,-1.516,0.126,-0.107
106,10.593,0.104,343.898,-135.498,-153.117,-53.496,-13.113,-5.119,300.164,-250.977,112.605,23.515,-1.1,-1.001,0.91,-2.107,-0.94,-1.516,0.127,-0.107
107,10.95,0.389,344.342,-138.687,-151.328,-47.847,-13.691,-4.798,300.582,-253.961,114.295,26.38,-1.085,-1.024,0.921,-2.13,-0.926,-1.54,0.127,-0.106
108,11.173,0.569,343.898,-135.498,-153.117,-50.253,-13.292,-5.297,300.155,-257.02,112.544,24.212,-1.099,-1.002,0.909,-2.158,-0.939,-1.541,0.128,-0.105
109,10.73,0.283,343.468,-132.383,-151.362,-51.055,-13.117,-5.121,300.155,-257.02,112.544,24.215,-1.088,-0.98,0.909,-2.158,-0.926,-1.529,0.128,-0.105
110,10.795,-0.039,344.342,-138.687,-151.328,-55.074,-13.165,-5.291,299.295,-257.213,112.659,23.224,-1.085,-1.023,0.913,-2.165,-0.956,-1.554,0.129,-0.104
111,10.841,-0.048,344.342,-138.687,-151.328,-57.498,-13.608,-5.263,299.736,-254.035,110.855,28.435,-1.085,-1.023,0.894,-2.135,-0.955,-1.541,0.129,-0.103
112,10.627,0.047,343.89,-141.919,-153.154,-53.623,-13.068,-5.475,298.831,-253.898,114.535,23.912,-1.1,-1.048,0.93,-2.14,-0.958,-1.556,0.129,-0.103
113,10.99,-0.202,343.922,-141.756,-149.595,-57.035,-13.477,-5.157,298.831,-253.898,114.535,25.264,-1.073,-1.046,0.929,-2.141,-0.944,-1.555,0.13,-0.102
114,10.942,0.135,343.922,-141.756,-149.595,-54.636,-13.247,-5.255,298.403,-256.956,112.785,27.064,-1.073,-1.047,0.916,-2.17,-0.959,-1.569,0.13,-0.102
115,10.315,-0.264,343.914,-148.177,-149.632,-54.338,-13.401,-5.347,298.831,-253.898,114.535,25.29,-1.075,-1.094,0.929,-2.14,-0.945,-1.58,0.13,-0.102
116,10.887,0.039,343.47,-144.987,-151.421,-52.998,-13.692,-5.258,298.403,-256.956,112.785,23.446,-1.088,-1.072,0.915,-2.17,-0.96,-1.583,0.13,-0.101
117,10.821,-0.623,343.914,-148.177,-149.632,-54.485,-13.029,-5.209,298.831,-253.898,114.535,26.359,-1.074,-1.093,0.93,-2.141,-0.944,-1.58,0.13,-0.101
118,10.539,-0.467,344.345,-151.292,-151.387,-50.799,-13.393,-5.124,298.403,-256.956,112.785,26.323,-1.086,-1.115,0.916,-2.17,-0.974,-1.605,0.13,-0.101
119,10.936,-0.112,343.901,-148.102,-153.175,-53.912,-13.647,-5.519,298.867,-260.271,110.908,29.529,-1.1,-1.094,0.897,-2.194,-0.972,-1.605,0.129,-0.101
120,10.494,-0.069,344.345,-151.292,-151.387,-56.913,-13.395,-5.973,298.867,-260.271,110.908,24.536,-1.086,-1.116,0.898,-2.192,-0.972,-1.616,0.129,-0.101
121,10.815,0.006,343.914,-148.177,-149.632,-57.602,-13.388,-5.603,298.844,-266.434,114.401,24.537,-1.074,-1.094,0.928,-2.246,-0.945,-1.63,0.129,-0.102
122,10.802,-0.221,344.366,-144.945,-147.806,-51.615,-13.707,-5.657,299.75,-266.571,110.721,23.729,-1.059,-1.068,0.893,-2.24,-0.942,-1.614,0.128,-0.102
123,10.541,0.221,344.352,-144.871,-151.35,-52.112,-13.648,-5.154,298.867,-260.271,110.908,23.135,-1.086,-1.069,0.897,-2.195,-0.973,-1.592,0.128,-0.103
124,10.674,-0.342,344.345,-151.292,-151.387,-54.303,-13.11,-5.425,298.426,-263.449,112.712,26.751,-1.086,-1.115,0.916,-2.224,-0.973,-1.63,0.128,-0.104
125,10.84,-0.101,344.797,-148.06,-149.561,-53.014,-13.43,-5.343,298.403,-256.956,112.785,25.588,-1.07,-1.09,0.915,-2.169,-0.974,-1.591,0.127,-0.105
126,10.627,-0.103,344.797,-148.06,-149.561,-50.723,-13.61,-5.38,298.867,-260.271,110.908,29.555,-1.071,-1.09,0.897,-2.194,-0.973,-1.603,0.127,-0.105
127,10.704,-0.481,345.647,-148.107,-153.049,-55.186,-13.47,-5.524,298.867,-260.271,110.908,28.833,-1.094,-1.087,0.898,-2.194,-1,-1.6,0.126,-0.106
128,10.638,-0.275,346.092,-151.297,-151.26,-51.346,-13.258,-5.752,298.403,-256.956,112.785,24.497,-1.079,-1.11,0.916,-2.168,-1.001,-1.6,0.125,-0.107
129,10.622,-0.562,345.647,-148.107,-153.049,-50.131,-13.606,-5.558,298.867,-260.271,110.908,23.852,-1.094,-1.087,0.898,-2.194,-1,-1.6,0.124,-0.108
130,10.937,-0.637,346.092,-151.297,-151.26,-49.786,-13.068,-5.471,298.867,-260.271,110.908,23.912,-1.079,-1.109,0.899,-2.194,-0.999,-1.611,0.124,-0.109
131,10.791,-0.505,346.092,-151.297,-151.26,-52.698,-13.693,-5.431,298.403,-256.956,112.785,25.521,-1.079,-1.109,0.915,-2.169,-1.002,-1.6,0.123,-0.11
132,10.936,-0.603,346.092,-151.297,-151.26,-51.572,-13.524,-5.612,297.534,-263.192,112.838,24.873,-1.079,-1.109,0.918,-2.228,-1.018,-1.626,0.121,-0.111
133,10.577,-0.376,346.092,-151.297,-151.26,-52.515,-13.336,-5.65,298.867,-260.271,110.908,25.981,-1.08,-1.109,0.898,-2.193,-1,-1.612,0.12,-0.113
134,10.672,-0.414,346.092,-151.297,-151.26,-55.049,-13.303,-5.835,297.985,-253.971,111.096,24.912,-1.079,-1.109,0.903,-2.145,-1.016,-1.589,0.119,-0.114
135,10.922,-0.775,345.647,-148.107,-153.049,-49.557,-13.218,-5.65,297.557,-257.03,109.345,24.93,-1.093,-1.086,0.889,-2.175,-1.031,-1.59,0.118,-0.115
136,10.713,-0.22,345.647,-148.107,-153.049,-55.771,-13.173,-5.47,297.544,-257.149,112.899,28.125,-1.094,-1.088,0.92,-2.177,-1.017,-1.592,0.116,-0.116
137,10.884,-0.449,345.661,-148.182,-149.505,-53.294,-13.177,-5.522,297.557,-257.03,109.345,27.729,-1.067,-1.088,0.89,-2.176,-1.017,-1.591,0.115,-0.117
138,10.967,-0.388,345.203,-144.917,-154.837,-49.431,-13.485,-5.393,297.985,-253.971,111.096,24.873,-1.108,-1.065,0.902,-2.147,-1.016,-1.566,0.113,-0.118
139,10.571,-0.597,345.217,-144.992,-151.294,-50.68,-12.945,-5.483,297.985,-253.971,111.096,27.078,-1.083,-1.065,0.904,-2.147,-1.002,-1.566,0.112,-0.119
140,10.752,0.057,345.217,-144.992,-151.294,-58.141,-13.361,-5.35,297.985,-253.971,111.096,19.842,-1.082,-1.067,0.903,-2.147,-1.002,-1.567,0.11,-0.12
141,10.968,-0.285,345.217,-144.992,-151.294,-55.559,-13.398,-5.164,297.985,-253.971,111.096,20.99,-1.082,-1.066,0.902,-2.148,-1.002,-1.567,0.108,-0.121
142,11.232,-0.246,345.645,-135.502,-152.99,-54.659,-13.122,-5.111,297.544,-257.149,112.899,22.783,-1.092,-0.995,0.92,-2.178,-1.016,-1.542,0.107,-0.121
143,10.94,-0.384,345.637,-141.924,-153.027,-54.102,-13.351,-4.85,297.521,-250.656,112.972,25.936,-1.093,-1.042,0.92,-2.124,-1.017,-1.542,0.105,-0.122
144,10.842,-0.116,346.089,-138.692,-151.201,-55.482,-13.254,-4.99,297.521,-250.656,112.972,25.599,-1.078,-1.018,0.92,-2.123,-1.017,-1.529,0.104,-0.122
145,11.5,-0.163,346.52,-141.807,-152.956,-54.775,-13.223,-5.348,297.531,-244.613,113.033,23.821,-1.088,-1.039,0.921,-2.07,-1.029,-1.515,0.102,-0.122
146,10.979,-0.287,346.94,-138.739,-154.689,-54.388,-13.13,-5.174,297.103,-247.671,111.283,25.929,-1.101,-1.015,0.908,-2.1,-1.059,-1.516,0.1,-0.122
147,11.077,-0.071,346.964,-144.997,-151.167,-53.957,-13.356,-5.074,297.103,-247.671,111.283,24.902,-1.075,-1.061,0.907,-2.1,-1.046,-1.541,0.099,-0.122
148,11.102,-0.346,346.52,-141.807,-152.956,-56.533,-13.485,-5.528,296.675,-250.73,109.533,29.453,-1.089,-1.038,0.893,-2.128,-1.061,-1.541,0.097,-0.122
149,10.785,0.104,346.94,-138.739,-154.689,-53.241,-13.026,-5.082,297.103,-247.671,111.283,29.62,-1.102,-1.016,0.908,-2.1,-1.059,-1.516,0.095,-0.122
150,11.246,-0.028,346.509,-135.624,-152.934,-52.252,-13.087,-5.083,297.103,-247.671,111.283,24.921,-1.089,-0.994,0.908,-2.1,-1.045,-1.505,0.093,-0.122
151,11.046,-0.146,346.94,-138.739,-154.689,-52.18,-13.083,-5.078,295.78,-244.55,113.274,29.926,-1.101,-1.015,0.929,-2.083,-1.077,-1.507,0.091,-0.121
152,11.107,-0.071,346.94,-138.739,-154.689,-54.355,-12.862,-4.904,296.221,-241.372,111.47,26.761,-1.101,-1.016,0.913,-2.053,-1.075,-1.493,0.089,-0.12
153,11.157,-0.286,346.94,-138.739,-154.689,-54.441,-13.177,-5.12,296.685,-244.687,109.594,23.869,-1.1,-1.015,0.894,-2.078,-1.073,-1.505,0.087,-0.12
154,10.755,0.167,347.37,-141.854,-156.443,-51.727,-13.087,-5.208,296.639,-244.356,113.16,23.191,-1.113,-1.038,0.925,-2.075,-1.075,-1.515,0.084,-0.119
155,11.042,-0.009,347.37,-141.854,-156.443,-57.711,-12.945,-5.271,296.639,-244.356,113.16,26.007,-1.112,-1.037,0.926,-2.075,-1.074,-1.515,0.082,-0.118
156,10.664,-0.202,346.94,-138.739,-154.689,-53.27,-12.912,-4.993,296.649,-238.313,113.221,24.977,-1.102,-1.015,0.926,-2.024,-1.06,-1.48,0.08,-0.117
157,10.881,-0.347,347.392,-135.507,-152.863,-56.151,-13.123,-5.394,296.221,-241.372,111.47,22.755,-1.086,-0.99,0.912,-2.052,-1.075,-1.479,0.077,-0.116
158,10.76,0,346.94,-138.739,-154.689,-59.998,-12.96,-5.352,296.221,-241.372,111.47,23.096,-1.102,-1.016,0.913,-2.052,-1.075,-1.493,0.075,-0.114
159,11.324,-0.078,346.94,-138.739,-154.689,-56.962,-12.957,-5.036,296.221,-241.372,111.47,24.937,-1.1,-1.016,0.913,-2.053,-1.074,-1.493,0.072,-0.113
160,11.059,-0.734,347.392,-135.507,-152.863,-55.796,-12.777,-4.853,296.221,-241.372,111.47,26.372,-1.086,-0.989,0.913,-2.053,-1.075,-1.479,0.07,-0.111
161,11.368,0.061,347.812,-132.439,-154.596,-56.897,-12.865,-4.717,296.221,-241.372,111.47,27.463,-1.096,-0.967,0.913,-2.054,-1.088,-1.467,0.068,-0.11
162,10.712,-0.253,347.392,-135.507,-152.863,-58.213,-13.182,-5.135,296.221,-241.372,111.47,25.224,-1.087,-0.99,0.912,-2.053,-1.076,-1.479,0.065,-0.108
163,10.935,-0.172,346.94,-138.739,-154.689,-53.013,-12.728,-4.896,296.221,-241.372,111.47,24.305,-1.101,-1.015,0.913,-2.053,-1.075,-1.493,0.063,-0.107
164,10.972,-0.496,347.37,-141.854,-156.443,-56.062,-13.086,-4.946,296.221,-241.372,111.47,23.141,-1.112,-1.036,0.912,-2.053,-1.089,-1.504,0.06,-0.105
165,10.893,-0.14,347.812,-132.439,-154.596,-53.208,-13.26,-4.81,295.78,-244.55,113.274,29.153,-1.098,-0.967,0.928,-2.084,-1.091,-1.48,0.058,-0.103
166,11.145,0.318,348.243,-135.554,-156.351,-56.32,-12.957,-4.762,295.78,-244.55,113.274,25.68,-1.109,-0.99,0.929,-2.084,-1.104,-1.492,0.055,-0.101
167,11.372,0.293,348.243,-135.554,-156.351,-56.512,-12.916,-4.852,294.898,-238.25,113.462,28.862,-1.108,-0.99,0.934,-2.036,-1.12,-1.469,0.053,-0.1
168,11.064,-0.211,348.256,-135.628,-152.807,-56.537,-12.998,-5.12,294.934,-244.623,109.835,23.15,-1.083,-0.989,0.902,-2.09,-1.12,-1.493,0.05,-0.098
169,11.285,0.08,347.822,-138.622,-154.618,-54.78,-13.002,-4.898,295.362,-241.565,111.585,22.082,-1.097,-1.013,0.916,-2.061,-1.105,-1.494,0.048,-0.096
170,10.936,-0.129,347.392,-135.507,-152.863,-60.352,-13.098,-5.122,295.78,-244.55,113.274,26.679,-1.086,-0.99,0.929,-2.083,-1.077,-1.493,0.045,-0.094
171,11.107,-0.328,347.836,-138.697,-151.074,-56.406,-13.018,-5.17,294.934,-244.623,109.835,29.093,-1.071,-1.012,0.902,-2.089,-1.107,-1.506,0.043,-0.093
172,10.532,-0.344,347.836,-138.697,-151.074,-54.668,-13.052,-5.134,295.375,-241.445,108.031,28.42,-1.073,-1.012,0.885,-2.059,-1.106,-1.493,0.04,-0.091
173,10.843,-0.128,348.266,-141.812,-152.829,-56.918,-12.907,-5.081,295.78,-244.55,113.274,27.825,-1.084,-1.034,0.93,-2.083,-1.091,-1.516,0.037,-0.089
174,11.497,-0.118,347.805,-138.86,-154.633,-55.136,-12.909,-4.674,296.221,-241.372,111.47,25.355,-1.096,-1.014,0.913,-2.054,-1.088,-1.492,0.035,-0.088
175,10.978,-0.166,346.94,-138.739,-154.689,-52.645,-13.09,-5.346,296.685,-244.687,109.594,27.788,-1.101,-1.015,0.895,-2.077,-1.074,-1.505,0.033,-0.086
176,11.148,-0.26,347.36,-135.67,-156.422,-56.879,-13.078,-5.084,296.685,-244.687,109.594,26.362,-1.112,-0.991,0.895,-2.078,-1.087,-1.492,0.03,-0.085
177,11.161,-0.153,347.812,-132.439,-154.596,-52.525,-13.048,-4.803,296.685,-244.687,109.594,28.904,-1.097,-0.967,0.895,-2.079,-1.087,-1.479,0.028,-0.083
178,11.245,0.11,346.94,-138.739,-154.689,-52.55,-12.947,-5.122,297.103,-247.671,111.283,22.828,-1.1,-1.016,0.908,-2.1,-1.058,-1.516,0.026,-0.082
179,11.013,-0.03,347.836,-138.697,-151.074,-57.501,-13.047,-5.212,297.103,-247.671,111.283,22.796,-1.072,-1.013,0.908,-2.1,-1.059,-1.514,0.024,-0.08
180,10.751,-0.181,347.812,-132.439,-154.596,-55.788,-13.299,-5.211,297.103,-247.671,111.283,22.785,-1.098,-0.967,0.907,-2.1,-1.073,-1.489,0.022,-0.079
181,10.938,0.204,348.235,-141.975,-156.388,-54.851,-13.304,-5.032,297.995,-247.929,111.157,24.194,-1.109,-1.036,0.903,-2.097,-1.07,-1.525,0.02,-0.078
182,11.396,0.069,347.392,-135.507,-152.863,-56.112,-13.272,-5.166,297.103,-247.671,111.283,26.999,-1.085,-0.991,0.907,-2.1,-1.059,-1.502,0.018,-0.076
183,11.323,-0.261,346.94,-138.739,-154.689,-51.25,-13.44,-4.939,297.103,-247.671,111.283,23.819,-1.1,-1.015,0.907,-2.101,-1.059,-1.516,0.017,-0.075
184,11.067,-0.155,346.94,-138.739,-154.689,-56.086,-13.486,-4.671,297.103,-247.671,111.283,23.488,-1.101,-1.015,0.906,-2.102,-1.059,-1.517,0.015,-0.074
185,10.766,-0.459,347.822,-138.622,-154.618,-51.147,-12.733,-5.216,296.244,-247.865,111.397,23.133,-1.098,-1.011,0.913,-2.108,-1.089,-1.515,0.014,-0.073
186,10.579,-0.294,346.94,-138.739,-154.689,-54.701,-13.31,-4.803,295.352,-247.608,111.524,28.808,-1.102,-1.015,0.914,-2.113,-1.093,-1.52,0.012,-0.072
187,10.551,-0.415,346.52,-141.807,-152.956,-55.262,-13.277,-5.216,295.352,-247.608,111.524,27.324,-1.091,-1.038,0.915,-2.112,-1.079,-1.532,0.011,-0.071
188,10.469,-0.149,346.94,-138.739,-154.689,-50.363,-13.176,-5.351,295.352,-247.608,111.524,26.257,-1.102,-1.015,0.915,-2.111,-1.093,-1.519,0.01,-0.071
189,10.487,-0.325,347.815,-145.043,-154.655,-52.144,-13.045,-5.117,295.352,-247.608,111.524,27.772,-1.099,-1.058,0.915,-2.112,-1.107,-1.542,0.008,-0.07
190,10.792,-0.326,347.384,-141.928,-152.9,-51.769,-13.172,-5.565,294.924,-250.666,109.773,23.843,-1.087,-1.037,0.901,-2.14,-1.108,-1.543,0.007,-0.069
191,10.844,-0.333,348.266,-141.812,-152.829,-55.132,-13.486,-5.608,295.388,-253.982,107.897,27.344,-1.084,-1.033,0.883,-2.165,-1.12,-1.553,0.005,-0.069
192,10.968,-0.741,347.815,-145.043,-154.655,-53.848,-13.03,-5.835,296.234,-253.908,111.336,31.316,-1.098,-1.057,0.911,-2.158,-1.089,-1.563,0.004,-0.069
193,10.843,-0.553,347.384,-141.928,-152.9,-53.998,-13.397,-5.968,296.234,-253.908,111.336,31.624,-1.087,-1.036,0.91,-2.157,-1.076,-1.552,0.003,-0.069
194,10.846,-0.499,347.815,-145.043,-154.655,-50.126,-13.422,-5.967,296.234,-253.908,111.336,29.159,-1.098,-1.058,0.91,-2.157,-1.09,-1.563,0.001,-0.068
195,11.209,-0.769,346.94,-138.739,-154.689,-56.451,-12.983,-6.06,296.698,-257.223,109.46,28.469,-1.1,-1.014,0.894,-2.182,-1.073,-1.552,0,-0.069
196,11.02,-0.609,347.812,-132.439,-154.596,-50.883,-13.166,-5.747,296.234,-253.908,111.336,28.108,-1.097,-0.965,0.911,-2.158,-1.089,-1.514,-0.001,-0.069
197,10.62,-0.651,347.812,-132.439,-154.596,-52.195,-12.994,-5.837,295.77,-250.592,113.213,30.946,-1.099,-0.965,0.929,-2.132,-1.091,-1.502,-0.002,-0.069
198,10.672,-0.416,347.392,-135.507,-152.863,-55.622,-13.217,-6.06,295.816,-250.923,109.647,22.379,-1.087,-0.99,0.897,-2.134,-1.091,-1.516,-0.003,-0.069
199,10.67,-0.908,346.937,-126.134,-154.63,-51.056,-13.167,-5.884,295.352,-247.608,111.524,25.627,-1.101,-0.921,0.915,-2.11,-1.092,-1.468,-0.004,-0.069
200,10.888,-0.734,347.812,-132.439,-154.596,-51.642,-13.128,-5.53,295.78,-244.55,113.274,25.246,-1.098,-0.965,0.929,-2.082,-1.091,-1.478,-0.005,-0.069
201,10.677,-0.514,347.812,-132.439,-154.596,-55.012,-13.583,-5.966,295.339,-247.728,115.078,26.595,-1.098,-0.966,0.944,-2.111,-1.093,-1.491,-0.006,-0.069
202,10.527,-0.113,348.264,-129.207,-152.77,-57.119,-13.491,-5.697,295.352,-247.608,111.524,28.036,-1.084,-0.942,0.914,-2.11,-1.107,-1.478,-0.007,-0.068
203,10.971,-0.167,348.24,-122.949,-156.292,-51.29,-12.993,-4.985,295.78,-244.55,113.274,24.231,-1.109,-0.896,0.929,-2.083,-1.104,-1.441,-0.008,-0.068
204,10.86,-0.203,348.684,-126.139,-154.503,-50.458,-13.315,-5.34,295.352,-247.608,111.524,28.088,-1.094,-0.918,0.914,-2.112,-1.12,-1.465,-0.009,-0.068
205,11.064,-0.238,347.809,-119.834,-154.537,-51.887,-13.407,-4.984,296.221,-241.372,111.47,28.81,-1.097,-0.874,0.911,-2.053,-1.089,-1.417,-0.01,-0.067
206,10.748,-0.167,347.809,-119.834,-154.537,-55.727,-13.263,-5.078,295.78,-244.55,113.274,30.554,-1.098,-0.875,0.928,-2.083,-1.091,-1.43,-0.011,-0.066
207,10.797,-0.39,349.112,-116.649,-156.199,-53.032,-13.227,-5.173,296.221,-241.372,111.47,26.588,-1.106,-0.848,0.912,-2.052,-1.116,-1.401,-0.012,-0.065
208,10.631,-0.506,348.24,-122.949,-156.292,-49.823,-13.003,-5.032,295.803,-238.387,109.781,23.171,-1.11,-0.895,0.899,-2.03,-1.118,-1.417,-0.013,-0.064
209,11.062,0.137,348.682,-113.534,-154.445,-52.227,-13.41,-5.348,295.339,-235.072,111.658,30.176,-1.093,-0.827,0.915,-2.004,-1.119,-1.367,-0.014,-0.062
210,10.8,0.093,348.23,-116.766,-156.27,-54.164,-13.457,-4.856,295.339,-235.072,111.658,27.334,-1.109,-0.852,0.915,-2.005,-1.119,-1.381,-0.015,-0.061
211,10.713,-0.073,348.682,-113.534,-154.445,-53.293,-13.226,-4.947,295.767,-232.013,113.408,25.609,-1.094,-0.827,0.93,-1.976,-1.104,-1.354,-0.016,-0.059
212,10.761,-0.121,349.102,-110.466,-156.178,-55.396,-12.82,-4.939,294.898,-238.25,113.462,25.284,-1.106,-0.803,0.934,-2.036,-1.134,-1.368,-0.017,-0.057
213,10.59,-0.037,347.355,-110.461,-156.304,-56.06,-13.053,-4.991,295.339,-235.072,111.658,22.415,-1.113,-0.808,0.917,-2.005,-1.105,-1.358,-0.018,-0.055
214,10.981,-0.31,347.807,-107.229,-154.479,-55.156,-13.235,-5.263,294.921,-232.087,109.968,27.383,-1.097,-0.782,0.903,-1.981,-1.12,-1.332,-0.019,-0.052
215,10.807,0.334,347.776,-107.393,-158.037,-56.302,-13.493,-4.539,295.339,-235.072,111.658,27.339,-1.123,-0.785,0.915,-2.006,-1.119,-1.346,-0.02,-0.049
216,10.571,-0.067,347.807,-107.229,-154.479,-56.348,-13.24,-5.031,294.443,-228.892,115.399,24.827,-1.098,-0.783,0.951,-1.958,-1.108,-1.321,-0.021,-0.047
217,10.751,0.095,348.237,-110.344,-156.233,-56.57,-12.961,-4.72,294.885,-225.714,113.596,25.991,-1.109,-0.805,0.935,-1.928,-1.12,-1.32,-0.023,-0.043
218,10.353,-0.085,348.658,-107.276,-157.966,-57.56,-13.716,-4.907,294.885,-225.714,113.596,25.476,-1.121,-0.781,0.932,-1.928,-1.135,-1.307,-0.024,-0.04
219,10.885,-0.39,348.679,-100.929,-154.386,-53.818,-13.27,-4.993,295.348,-229.029,111.719,24.911,-1.094,-0.734,0.916,-1.953,-1.118,-1.293,-0.025,-0.037
220,10.539,0.064,348.227,-104.161,-156.212,-52.746,-13.324,-4.814,295.79,-225.851,109.915,23.106,-1.109,-0.76,0.899,-1.923,-1.117,-1.294,-0.026,-0.033
221,10.402,0.039,348.679,-100.929,-154.386,-54.768,-13.332,-5.031,295.348,-229.029,111.719,26.999,-1.095,-0.735,0.916,-1.953,-1.119,-1.294,-0.027,-0.029
222,10.595,0.112,348.679,-100.929,-154.386,-53.54,-13.237,-5.087,295.348,-229.029,111.719,26.617,-1.094,-0.736,0.916,-1.953,-1.119,-1.294,-0.028,-0.025
223,10.709,0.29,349.53,-100.976,-157.874,-53.269,-13.184,-4.997,295.303,-228.698,115.285,22.067,-1.117,-0.735,0.947,-1.95,-1.133,-1.291,-0.029,-0.021
224,11.153,-0.199,348.648,-101.093,-157.945,-53.73,-13.278,-4.815,294.885,-225.714,113.596,21.257,-1.119,-0.736,0.934,-1.928,-1.133,-1.282,-0.03,-0.017
225,10.716,-0.024,349.099,-97.861,-156.119,-54.371,-12.921,-5.028,295.348,-229.029,111.719,23.192,-1.105,-0.712,0.917,-1.953,-1.132,-1.281,-0.031,-0.012
226,11.063,0.221,348.227,-104.161,-156.212,-57.926,-13.236,-4.676,295.326,-222.536,111.792,27.014,-1.108,-0.76,0.917,-1.898,-1.118,-1.283,-0.032,-0.008
227,10.874,-0.168,348.227,-104.161,-156.212,-58.89,-13.196,-4.897,294.885,-225.714,113.596,23.476,-1.108,-0.759,0.934,-1.928,-1.12,-1.295,-0.033,-0.003
228,11.028,0.107,347.783,-100.971,-158,-58.525,-13.063,-4.589,295.312,-222.655,115.346,23.503,-1.122,-0.738,0.948,-1.9,-1.104,-1.271,-0.034,0.001
229,10.947,0.156,348.227,-104.161,-156.212,-56.122,-13.015,-4.995,296.172,-222.462,115.232,22.751,-1.108,-0.76,0.945,-1.891,-1.088,-1.28,-0.035,0.006
230,10.666,0.042,347.783,-100.971,-158,-56.163,-13.024,-4.9,295.312,-222.655,115.346,26.298,-1.123,-0.738,0.948,-1.899,-1.105,-1.271,-0.036,0.01
231,11.197,0.271,347.804,-94.625,-154.42,-59.993,-13.419,-4.723,294.885,-225.714,113.596,23.103,-1.096,-0.692,0.933,-1.928,-1.106,-1.259,-0.036,0.015
232,10.849,-0.447,346.908,-94.667,-158.034,-54.399,-13.199,-4.63,295.326,-222.536,111.792,24.895,-1.126,-0.692,0.917,-1.898,-1.104,-1.247,-0.037,0.02
233,10.839,0.315,347.353,-97.856,-156.246,-49.717,-13.285,-4.949,295.312,-222.655,115.346,22.416,-1.111,-0.716,0.948,-1.898,-1.091,-1.26,-0.038,0.025
234,11.018,0.223,346.908,-94.667,-158.034,-57.539,-13.237,-4.18,295.326,-222.536,111.792,28.077,-1.125,-0.694,0.917,-1.9,-1.104,-1.248,-0.038,0.029
235,10.573,0.236,346.908,-94.667,-158.034,-56.017,-13.283,-4.771,296.172,-222.462,115.232,28.065,-1.127,-0.694,0.944,-1.892,-1.075,-1.246,-0.039,0.034
236,11.02,0.059,347.36,-91.435,-156.209,-57.324,-13.418,-4.639,295.312,-222.655,115.346,22.361,-1.111,-0.669,0.947,-1.9,-1.091,-1.234,-0.039,0.039
237,10.888,0.105,347.781,-88.367,-157.942,-54.094,-13.286,-4.813,295.312,-222.655,115.346,25.554,-1.122,-0.646,0.948,-1.899,-1.104,-1.221,-0.04,0.044
238,10.821,0.255,347.773,-94.788,-157.979,-54.405,-13.419,-5.077,295.754,-219.477,113.542,23.86,-1.123,-0.693,0.93,-1.868,-1.103,-1.233,-0.04,0.049
239,10.575,0.761,347.781,-88.367,-157.942,-54.605,-13.23,-4.861,295.73,-225.64,117.035,27.025,-1.123,-0.648,0.961,-1.922,-1.09,-1.233,-0.04,0.054
240,10.796,-0.043,348.225,-91.556,-156.153,-55.751,-13.239,-5.26,296.636,-225.777,113.355,27.406,-1.108,-0.668,0.926,-1.916,-1.087,-1.242,-0.041,0.059
241,10.889,0.055,347.781,-88.367,-157.942,-51.571,-13.455,-5.031,296.194,-228.955,115.159,32.376,-1.122,-0.646,0.943,-1.947,-1.088,-1.244,-0.041,0.064
242,10.732,0.51,347.35,-85.252,-156.187,-52.802,-13.279,-5.437,296.636,-225.777,113.355,26.335,-1.111,-0.625,0.926,-1.915,-1.073,-1.219,-0.041,0.068
243,10.909,-0.097,347.781,-88.367,-157.942,-53.694,-13.177,-5.522,297.1,-229.093,111.478,29.926,-1.122,-0.645,0.909,-1.94,-1.085,-1.242,-0.041,0.073
244,10.971,0.194,347.35,-85.252,-156.187,-51.086,-13.142,-5.354,296.613,-231.94,116.848,33.109,-1.111,-0.624,0.957,-1.968,-1.059,-1.243,-0.041,0.078
245,10.923,-0.176,347.35,-85.252,-156.187,-53.657,-13.129,-5.398,296.626,-231.82,113.294,27.063,-1.111,-0.623,0.926,-1.967,-1.073,-1.242,-0.041,0.083
246,10.668,0.46,346.93,-88.32,-154.454,-52.097,-13.183,-5.392,297.518,-232.077,113.167,29.589,-1.1,-0.648,0.922,-1.963,-1.043,-1.255,-0.04,0.087
247,10.871,-0.014,347.35,-85.252,-156.187,-55.461,-12.915,-5.128,297.518,-232.077,113.167,28.175,-1.111,-0.623,0.923,-1.964,-1.056,-1.242,-0.04,0.092
248,10.848,0.27,346.93,-88.32,-154.454,-56.404,-13.278,-5.04,296.194,-228.955,115.159,27.402,-1.1,-0.647,0.943,-1.947,-1.061,-1.246,-0.04,0.096
249,11.153,0.107,346.93,-88.32,-154.454,-54.644,-12.919,-5.259,296.636,-225.777,113.355,29.258,-1.099,-0.647,0.927,-1.916,-1.058,-1.232,-0.039,0.1
250,10.439,-0.145,347.35,-85.252,-156.187,-59.259,-12.911,-4.898,296.636,-225.777,113.355,27.855,-1.112,-0.623,0.928,-1.917,-1.073,-1.219,-0.039,0.105
251,11.06,-0.003,347.35,-85.252,-156.187,-58.992,-13.236,-4.864,296.636,-225.777,113.355,25.589,-1.11,-0.623,0.926,-1.917,-1.072,-1.219,-0.038,0.109
252,10.577,-0.305,347.35,-85.252,-156.187,-60.819,-13.189,-4.9,295.73,-225.64,117.035,27.075,-1.112,-0.623,0.961,-1.922,-1.076,-1.22,-0.037,0.113
253,10.588,0.029,347.35,-85.252,-156.187,-58.931,-13.107,-5.041,295.754,-219.477,113.542,25.273,-1.112,-0.623,0.931,-1.868,-1.089,-1.196,-0.037,0.117
254,10.624,0.222,346.93,-88.32,-154.454,-63.314,-13.329,-5.127,295.754,-219.477,113.542,22.734,-1.1,-0.647,0.931,-1.868,-1.076,-1.209,-0.036,0.121
255,10.395,-0.217,346.93,-88.32,-154.454,-55.249,-13.112,-4.811,295.754,-219.477,113.542,28.466,-1.101,-0.646,0.931,-1.869,-1.076,-1.209,-0.035,0.125
256,10.974,0.179,347.781,-88.367,-157.942,-59.607,-13.157,-4.997,295.754,-219.477,113.542,23.09,-1.122,-0.646,0.931,-1.868,-1.103,-1.208,-0.035,0.129
257,11.162,0.125,347.35,-85.252,-156.187,-57.218,-13.826,-4.682,296.181,-216.419,115.293,26.561,-1.11,-0.624,0.943,-1.84,-1.074,-1.184,-0.034,0.133
258,10.9,-0.212,347.35,-85.252,-156.187,-55.193,-13.598,-4.455,295.312,-222.655,115.346,22.343,-1.111,-0.623,0.947,-1.9,-1.091,-1.21,-0.034,0.137
259,10.489,-0.356,347.781,-88.367,-157.942,-59.381,-13.017,-4.282,295.717,-213.104,117.169,24.914,-1.123,-0.644,0.963,-1.816,-1.089,-1.183,-0.033,0.141
260,10.575,-0.039,347.802,-82.02,-154.361,-57.437,-13.249,-4.423,294.871,-213.177,113.73,23.426,-1.097,-0.599,0.935,-1.821,-1.106,-1.16,-0.033,0.144
261,11.067,-0.445,346.93,-88.32,-154.454,-58.257,-13.602,-4.687,295.29,-216.162,115.419,23.387,-1.099,-0.645,0.947,-1.844,-1.077,-1.196,-0.032,0.148
262,10.627,-0.134,347.35,-85.252,-156.187,-65.563,-13.419,-4.279,294.871,-213.177,113.73,25.936,-1.112,-0.623,0.935,-1.822,-1.106,-1.173,-0.032,0.152
263,11.187,-0.706,347.35,-85.252,-156.187,-60.721,-13.337,-4.686,294.43,-216.355,115.533,24.121,-1.11,-0.621,0.952,-1.851,-1.107,-1.185,-0.032,0.156
264,10.69,-0.144,347.781,-88.367,-157.942,-58.672,-13.464,-4.731,295.29,-216.162,115.419,21.288,-1.123,-0.645,0.948,-1.844,-1.105,-1.195,-0.031,0.16
265,10.933,-0.445,347.35,-85.252,-156.187,-55.709,-13.466,-4.692,295.717,-213.104,117.169,28.05,-1.111,-0.622,0.961,-1.815,-1.076,-1.171,-0.031,0.163
266,10.708,0.035,347.781,-88.367,-157.942,-53.602,-13.429,-5.002,295.717,-213.104,117.169,20.946,-1.123,-0.645,0.961,-1.814,-1.09,-1.182,-0.031,0.167
267,10.566,-0.182,347.35,-85.252,-156.187,-62.697,-13.192,-4.647,295.717,-213.104,117.169,24.855,-1.112,-0.623,0.962,-1.815,-1.076,-1.171,-0.031,0.171
268,10.837,-0.46,347.802,-82.02,-154.361,-59.323,-13.505,-4.915,295.29,-216.162,115.419,28.697,-1.096,-0.598,0.948,-1.843,-1.091,-1.169,-0.03,0.174
269,10.697,-0.552,346.927,-75.715,-154.395,-61.81,-13.421,-4.863,295.717,-213.104,117.169,30.533,-1.1,-0.553,0.961,-1.814,-1.062,-1.133,-0.03,0.178
270,10.568,-0.154,347.347,-72.647,-156.128,-58.881,-13.117,-4.91,295.717,-213.104,117.169,25.561,-1.111,-0.531,0.962,-1.814,-1.075,-1.121,-0.03,0.181
271,10.855,-0.025,347.778,-75.762,-157.883,-57.401,-13.602,-4.816,295.717,-213.104,117.169,25.193,-1.122,-0.553,0.961,-1.814,-1.09,-1.133,-0.03,0.185
272,10.667,-0.135,348.222,-78.952,-156.094,-53.225,-13.108,-4.955,295.717,-213.104,117.169,23.819,-1.108,-0.576,0.963,-1.814,-1.089,-1.144,-0.029,0.188
273,10.932,-0.091,348.198,-72.694,-159.616,-57.153,-13.69,-4.952,296.159,-209.926,115.366,30.537,-1.133,-0.53,0.944,-1.784,-1.102,-1.106,-0.029,0.192
274,10.757,0.316,347.778,-75.762,-157.883,-54.55,-13.194,-4.643,296.623,-213.241,113.489,27.053,-1.122,-0.554,0.928,-1.81,-1.086,-1.133,-0.029,0.196
275,10.876,0.255,348.643,-75.884,-157.827,-61.724,-12.921,-5.002,296.623,-213.241,113.489,24.232,-1.119,-0.554,0.929,-1.809,-1.099,-1.131,-0.029,0.2
276,10.806,-0.19,348.65,-69.462,-157.79,-58.991,-13.012,-5.317,295.717,-213.104,117.169,25.219,-1.119,-0.506,0.963,-1.813,-1.102,-1.105,-0.028,0.203
277,10.707,0.268,348.198,-72.694,-159.616,-57.491,-13.417,-5.086,296.586,-206.867,117.116,28.758,-1.134,-0.531,0.958,-1.755,-1.086,-1.094,-0.028,0.207
278,10.705,0.521,348.22,-66.347,-156.036,-55.414,-13.419,-5.363,295.74,-206.941,113.676,26.584,-1.108,-0.485,0.931,-1.759,-1.103,-1.071,-0.028,0.211
279,10.986,0.409,347.768,-69.579,-157.861,-59.089,-13.377,-5.003,295.74,-206.941,113.676,30.551,-1.122,-0.509,0.932,-1.761,-1.102,-1.084,-0.028,0.215
280,10.928,-0.099,347.768,-69.579,-157.861,-57.842,-13.06,-4.69,295.299,-210.119,115.48,27.707,-1.122,-0.508,0.95,-1.792,-1.103,-1.097,-0.028,0.219
281,10.764,0.309,346.917,-69.532,-154.374,-56.652,-13.33,-4.861,295.299,-210.119,115.48,26.331,-1.099,-0.51,0.949,-1.791,-1.076,-1.099,-0.028,0.223
282,10.635,0.08,346.917,-69.532,-154.374,-56.781,-13.334,-4.511,295.727,-207.061,117.23,23.421,-1.1,-0.509,0.962,-1.763,-1.061,-1.086,-0.028,0.227
283,10.808,0.304,347.355,-66.226,-156.091,-54.996,-13.161,-4.514,295.276,-203.626,115.553,26.293,-1.11,-0.485,0.95,-1.736,-1.09,-1.06,-0.028,0.231
284,10.707,0.567,346.924,-63.111,-154.337,-61.279,-13.161,-4.367,295.74,-206.941,113.676,26.662,-1.099,-0.464,0.932,-1.763,-1.075,-1.061,-0.028,0.235
285,11.006,0.737,346.903,-69.457,-157.917,-59.503,-13.113,-4.731,295.276,-203.626,115.553,29.888,-1.125,-0.511,0.95,-1.736,-1.09,-1.074,-0.028,0.239
286,11.197,0.434,346.893,-63.274,-157.895,-57.739,-13.211,-4.555,295.276,-203.626,115.553,25.622,-1.124,-0.465,0.95,-1.736,-1.089,-1.049,-0.028,0.243
287,11.111,0.123,347.347,-72.647,-156.128,-55.487,-13.38,-4.335,295.74,-206.941,113.676,28.055,-1.11,-0.532,0.932,-1.763,-1.088,-1.098,-0.027,0.247
288,10.349,0.392,348.22,-66.347,-156.036,-60.002,-13.386,-4.862,295.276,-203.626,115.553,28.108,-1.109,-0.485,0.949,-1.735,-1.105,-1.059,-0.027,0.251
289,11.146,0.289,347.324,-66.389,-159.65,-61.458,-13.427,-4.785,296.168,-203.883,115.427,24.798,-1.136,-0.486,0.945,-1.733,-1.087,-1.06,-0.027,0.255
290,10.747,-0.018,347.768,-69.579,-157.861,-64.083,-13.206,-4.965,296.168,-203.883,115.427,27.341,-1.122,-0.508,0.946,-1.732,-1.087,-1.071,-0.027,0.259
291,10.982,0.466,348.198,-72.694,-159.616,-53.939,-12.928,-5.145,296.159,-209.926,115.366,25.969,-1.133,-0.532,0.946,-1.783,-1.1,-1.107,-0.027,0.263
292,11.235,0.355,347.778,-75.762,-157.883,-54.028,-13.143,-5.003,296.632,-207.198,113.55,26.688,-1.121,-0.554,0.928,-1.757,-1.085,-1.108,-0.027,0.267
293,10.876,0.31,348.198,-72.694,-159.616,-57.21,-13.011,-4.867,296.586,-206.867,117.116,26.008,-1.133,-0.531,0.96,-1.755,-1.086,-1.094,-0.027,0.271
294,11.229,-0.005,348.643,-75.884,-157.827,-58.304,-12.937,-4.734,296.586,-206.867,117.116,29.17,-1.118,-0.553,0.96,-1.756,-1.085,-1.106,-0.027,0.274
295,10.935,0.232,347.778,-75.762,-157.883,-54.657,-13.649,-4.551,296.586,-206.867,117.116,27.733,-1.122,-0.554,0.957,-1.756,-1.073,-1.107,-0.027,0.278
296,11.103,0.006,347.778,-75.762,-157.883,-57.775,-13.017,-4.865,295.717,-213.104,117.169,21.692,-1.121,-0.553,0.963,-1.814,-1.088,-1.133,-0.027,0.281
297,11.026,0.504,347.778,-75.762,-157.883,-59.579,-13.197,-4.915,295.717,-213.104,117.169,26.274,-1.122,-0.555,0.962,-1.814,-1.089,-1.133,-0.027,0.284
298,10.867,0.328,347.77,-82.183,-157.92,-59.659,-13.196,-5.136,296.623,-213.241,113.489,28.783,-1.122,-0.601,0.928,-1.809,-1.086,-1.157,-0.027,0.287
299,11.283,-0.054,347.326,-78.994,-159.709,-58.96,-13.508,-4.554,296.623,-213.241,113.489,26.629,-1.136,-0.578,0.927,-1.811,-1.086,-1.146,-0.027,0.29
300,11.246,-0.139,347.34,-79.068,-156.165,-56.407,-13.334,-4.814,296.623,-213.241,113.489,25.23,-1.11,-0.578,0.927,-1.81,-1.072,-1.145,-0.027,0.292
301,10.892,-0.137,346.896,-75.879,-157.954,-56.503,-13.602,-4.773,296.623,-213.241,113.489,25.53,-1.125,-0.555,0.926,-1.81,-1.073,-1.134,-0.027,0.295
302,10.759,0.348,346.475,-78.947,-156.221,-53.5,-13.096,-4.866,296.181,-216.419,115.293,28.113,-1.114,-0.58,0.945,-1.84,-1.06,-1.16,-0.026,0.297
303,10.713,-0.03,346.906,-82.062,-157.976,-51.518,-13.239,-5.088,296.181,-216.419,115.293,27.371,-1.126,-0.601,0.944,-1.839,-1.074,-1.171,-0.026,0.299
304,11.065,-0.408,346.906,-82.062,-157.976,-51.695,-13.202,-5.033,296.6,-219.404,116.982,24.51,-1.125,-0.6,0.958,-1.862,-1.059,-1.182,-0.026,0.3
305,10.671,-0.014,346.055,-82.015,-154.488,-60.707,-13.056,-5.32,297.063,-222.719,115.105,27.71,-1.103,-0.602,0.941,-1.887,-1.03,-1.195,-0.026,0.302
306,11.019,0.228,346.906,-82.062,-157.976,-53.913,-13.191,-4.954,296.6,-219.404,116.982,28.057,-1.125,-0.602,0.958,-1.862,-1.059,-1.183,-0.025,0.303
307,11.204,-0.05,346.475,-78.947,-156.221,-58.259,-13.148,-5.261,296.6,-219.404,116.982,27.406,-1.113,-0.579,0.958,-1.861,-1.044,-1.17,-0.025,0.304
308,10.897,0.19,346.906,-82.062,-157.976,-54.056,-13.199,-5.22,296.6,-219.404,116.982,25.21,-1.125,-0.601,0.958,-1.861,-1.059,-1.182,-0.024,0.305
309,11.052,0.09,346.034,-88.362,-158.068,-56.111,-13.366,-5.27,296.613,-219.284,113.428,25.603,-1.128,-0.649,0.927,-1.86,-1.059,-1.208,-0.024,0.305
310,11.118,0.188,346.93,-88.32,-154.454,-52.904,-13.595,-5.217,296.6,-219.404,116.982,25.527,-1.099,-0.647,0.956,-1.861,-1.046,-1.207,-0.023,0.306
311,10.757,0.148,346.93,-88.32,-154.454,-57.287,-13.088,-4.984,297.063,-222.719,115.105,29.967,-1.1,-0.647,0.941,-1.888,-1.044,-1.219,-0.022,0.306
312,11.295,0.499,346.93,-88.32,-154.454,-54.547,-12.934,-5.043,297.041,-216.226,115.178,23.859,-1.098,-0.648,0.942,-1.832,-1.043,-1.194,-0.022,0.306
313,10.838,0.147,347.35,-85.252,-156.187,-54.039,-13.273,-5.173,297.505,-219.541,113.301,27.081,-1.111,-0.624,0.923,-1.857,-1.056,-1.193,-0.021,0.306
314,10.75,-0.043,346.898,-88.483,-158.013,-56.106,-13.187,-4.872,297.505,-219.541,113.301,24.544,-1.126,-0.648,0.923,-1.858,-1.056,-1.207,-0.02,0.306
315,11.183,-0.063,346.93,-88.32,-154.454,-60.472,-13.459,-4.861,297.063,-222.719,115.105,30.97,-1.099,-0.646,0.939,-1.888,-1.044,-1.219,-0.02,0.305
316,11.19,0.086,346.93,-88.32,-154.454,-57.287,-13.191,-5.221,297.063,-222.719,115.105,29.519,-1.099,-0.647,0.94,-1.887,-1.043,-1.219,-0.019,0.305
317,10.851,-0.262,346.047,-88.437,-154.525,-56.361,-13.225,-5.495,296.6,-219.404,116.982,25.573,-1.103,-0.648,0.958,-1.861,-1.031,-1.208,-0.018,0.304
318,10.524,-0.223,346.055,-82.015,-154.488,-54.297,-13.139,-4.991,297.923,-222.525,114.991,26.061,-1.104,-0.601,0.937,-1.881,-1.014,-1.193,-0.017,0.303
319,10.892,0.182,345.613,-91.43,-156.336,-54.556,-13.092,-4.904,297.482,-225.703,116.795,25.66,-1.118,-0.672,0.954,-1.911,-1.015,-1.245,-0.016,0.302
320,10.669,-0.093,346.034,-88.362,-158.068,-55.704,-13.271,-5.125,297.527,-226.034,113.228,24.575,-1.13,-0.648,0.922,-1.913,-1.042,-1.233,-0.015,0.301
321,10.964,-0.326,346.047,-88.437,-154.525,-55.164,-13.194,-5.042,297.482,-225.703,116.795,22.426,-1.103,-0.648,0.953,-1.91,-1.015,-1.232,-0.014,0.3
322,10.887,0.087,345.183,-88.315,-154.581,-57.554,-13.102,-5.043,297.923,-222.525,114.991,24.562,-1.106,-0.65,0.937,-1.88,-1,-1.22,-0.013,0.299
323,11.069,0.002,345.613,-91.43,-156.336,-56.785,-13.141,-5.22,297.054,-228.762,115.044,24.2,-1.117,-0.672,0.94,-1.939,-1.03,-1.257,-0.012,0.297
324,10.81,0.179,346.047,-88.437,-154.525,-58.746,-13.233,-5.397,298.387,-225.841,113.114,26.347,-1.103,-0.65,0.919,-1.905,-1.012,-1.231,-0.01,0.296
325,10.883,-0.054,346.034,-88.362,-158.068,-55.862,-13.537,-5.173,297.923,-222.525,114.991,26.312,-1.129,-0.648,0.935,-1.88,-1.028,-1.218,-0.009,0.294
326,10.698,-0.272,346.93,-88.32,-154.454,-58.981,-13.049,-5.035,298.387,-225.841,113.114,26.401,-1.1,-0.646,0.92,-1.906,-1.026,-1.228,-0.008,0.293
327,11.003,0.125,346.057,-94.62,-154.547,-58.193,-13.362,-5.172,297.482,-225.703,116.795,24.903,-1.103,-0.695,0.953,-1.91,-1.015,-1.257,-0.007,0.291
328,11.042,-0.144,346.057,-94.62,-154.547,-56.136,-13.421,-5.128,297.946,-229.019,114.918,26.283,-1.103,-0.694,0.935,-1.935,-1.014,-1.268,-0.005,0.289
329,10.977,-0.17,346.057,-94.62,-154.547,-53.314,-13.319,-4.906,297.054,-228.762,115.044,25.273,-1.103,-0.694,0.939,-1.94,-1.03,-1.269,-0.004,0.287
330,10.481,0.308,345.207,-94.573,-151.059,-53.126,-13.32,-5.441,297.054,-228.762,115.044,22.379,-1.081,-0.697,0.939,-1.938,-1.004,-1.271,-0.003,0.285
331,11.103,-0.32,345.627,-91.505,-152.792,-61.814,-13.452,-5.224,297.054,-228.762,115.044,26.618,-1.091,-0.672,0.939,-1.939,-1.017,-1.257,-0.001,0.283
332,10.836,0.346,345.637,-97.688,-152.814,-54.402,-13.197,-5.261,296.636,-225.777,113.355,24.16,-1.092,-0.719,0.927,-1.916,-1.032,-1.272,0,0.281
333,10.526,0.036,345.175,-94.737,-154.618,-51.601,-13.548,-5.257,296.613,-231.94,116.848,25.562,-1.107,-0.697,0.955,-1.969,-1.019,-1.285,0.001,0.279
334,10.673,0.537,344.755,-97.805,-152.885,-50.713,-13.575,-5.129,297.054,-228.762,115.044,25.573,-1.096,-0.722,0.938,-1.939,-1.004,-1.285,0.003,0.276
335,10.891,0.389,345.637,-97.688,-152.814,-59.222,-13.234,-5.124,297.518,-232.077,113.167,28.486,-1.092,-0.719,0.922,-1.964,-1.015,-1.295,0.004,0.274
336,10.9,0.259,345.637,-97.688,-152.814,-57.388,-13.315,-5.66,297.518,-232.077,113.167,27.756,-1.092,-0.719,0.922,-1.962,-1.015,-1.294,0.005,0.271
337,10.978,-0.051,345.185,-100.92,-154.64,-56.506,-13.32,-5.346,297.936,-235.062,114.857,24.488,-1.106,-0.742,0.935,-1.986,-1,-1.319,0.007,0.269
338,10.434,0.008,345.209,-107.178,-151.118,-54.585,-13.26,-5.35,297.936,-235.062,114.857,27.772,-1.082,-0.789,0.935,-1.986,-0.988,-1.343,0.008,0.266
339,11.033,0.139,345.185,-100.92,-154.64,-54.71,-13.313,-5.621,297.936,-235.062,114.857,19.502,-1.106,-0.743,0.935,-1.985,-1,-1.319,0.009,0.263
340,10.653,-0.333,345.63,-104.11,-152.851,-56.146,-13.304,-5.394,297.972,-241.435,111.23,24.888,-1.093,-0.764,0.904,-2.04,-1.015,-1.355,0.011,0.26
341,10.636,0.319,345.185,-100.92,-154.64,-53.468,-13.409,-5.437,297.936,-235.062,114.857,24.522,-1.107,-0.744,0.935,-1.986,-1.001,-1.319,0.012,0.257
342,10.565,0.166,345.185,-100.92,-154.64,-59.206,-13.124,-5.658,298.4,-238.377,112.98,26.391,-1.107,-0.743,0.918,-2.01,-0.999,-1.331,0.014,0.254
343,10.781,-0.307,345.63,-104.11,-152.851,-53.879,-13.093,-5.579,297.936,-235.062,114.857,23.826,-1.092,-0.764,0.936,-1.985,-1,-1.33,0.015,0.25
344,10.307,-0.111,345.178,-107.341,-154.677,-57.16,-13.182,-5.217,297.936,-235.062,114.857,23.159,-1.108,-0.79,0.935,-1.987,-1.001,-1.344,0.016,0.247
345,10.717,0.012,345.608,-110.456,-156.431,-56.001,-13.533,-5.443,297.936,-235.062,114.857,25.584,-1.119,-0.812,0.934,-1.986,-1.015,-1.355,0.018,0.243
346,10.425,-0.86,344.757,-110.41,-152.944,-59.35,-13.452,-5.085,298.4,-238.377,112.98,22.705,-1.097,-0.811,0.917,-2.012,-0.986,-1.368,0.019,0.24
347,10.722,0.011,345.608,-110.456,-156.431,-56.083,-13.1,-5.3,297.936,-235.062,114.857,21.695,-1.119,-0.812,0.936,-1.986,-1.014,-1.356,0.021,0.236
348,10.833,0.035,345.64,-110.293,-152.873,-56.203,-13.182,-5.342,298.4,-238.377,112.98,26.37,-1.092,-0.811,0.918,-2.011,-0.999,-1.367,0.022,0.233
349,10.627,-0.578,345.632,-116.714,-152.91,-57.272,-13.586,-5.348,298.4,-238.377,112.98,22.346,-1.093,-0.856,0.917,-2.011,-1,-1.391,0.023,0.229
350,10.489,-0.396,345.618,-116.64,-156.453,-58.953,-13.444,-5.524,298.4,-238.377,112.98,26.293,-1.12,-0.856,0.917,-2.011,-1.014,-1.391,0.025,0.225
351,10.796,-0.296,346.063,-119.829,-154.664,-53.607,-13.359,-5.073,297.936,-235.062,114.857,23.463,-1.104,-0.879,0.935,-1.987,-1.015,-1.391,0.026,0.221
352,10.664,-0.206,346.063,-119.829,-154.664,-56.045,-13.496,-4.9,297.936,-235.062,114.857,22.405,-1.104,-0.879,0.934,-1.988,-1.015,-1.392,0.027,0.217
353,10.748,-0.588,345.632,-116.714,-152.91,-58.353,-13.287,-5.435,297.936,-235.062,114.857,22.05,-1.093,-0.856,0.935,-1.986,-1.001,-1.379,0.028,0.213
354,10.718,0.058,344.736,-116.756,-156.524,-55.71,-13.46,-5.352,297.936,-235.062,114.857,19.88,-1.122,-0.86,0.934,-1.986,-1.001,-1.382,0.029,0.209
355,10.621,-0.269,345.188,-113.525,-154.698,-54.653,-13.447,-5.07,297.936,-235.062,114.857,23.525,-1.108,-0.835,0.935,-1.987,-1.001,-1.369,0.03,0.205
356,10.804,-0.229,345.188,-113.525,-154.698,-57.788,-13.053,-5.17,297.936,-235.062,114.857,24.565,-1.107,-0.835,0.936,-1.987,-1.001,-1.368,0.031,0.201
357,10.81,-0.263,344.316,-119.825,-154.791,-56.867,-13.226,-4.993,297.518,-232.077,113.167,23.112,-1.111,-0.883,0.922,-1.965,-1.002,-1.385,0.032,0.197
358,10.435,-0.719,344.757,-110.41,-152.944,-56.182,-13.319,-5.219,297.936,-235.062,114.857,23.456,-1.097,-0.811,0.935,-1.987,-0.988,-1.356,0.033,0.193
359,11.057,-0.174,344.768,-116.593,-152.965,-57.568,-13.181,-5.172,297.936,-235.062,114.857,24.207,-1.095,-0.858,0.935,-1.987,-0.987,-1.382,0.035,0.189
360,10.896,-0.696,345.188,-113.525,-154.698,-54.755,-13.092,-5.527,297.936,-235.062,114.857,24.925,-1.107,-0.833,0.936,-1.986,-1,-1.367,0.036,0.185
361,10.728,-0.184,345.632,-116.714,-152.91,-60.252,-13.085,-5.166,297.936,-235.062,114.857,22.833,-1.093,-0.857,0.936,-1.987,-1.001,-1.38,0.037,0.181
362,10.715,-0.359,344.316,-119.825,-154.791,-58.901,-13.131,-4.997,298.377,-231.884,113.053,28.085,-1.111,-0.883,0.919,-1.957,-0.986,-1.382,0.038,0.177
363,10.756,-0.242,345.618,-116.64,-156.453,-61.214,-13.096,-5.8,297.936,-235.062,114.857,19.959,-1.119,-0.857,0.936,-1.985,-1.015,-1.379,0.039,0.174
364,10.631,-0.472,346.063,-119.829,-154.664,-53.649,-12.912,-5.258,298.4,-238.377,112.98,26.405,-1.105,-0.878,0.919,-2.012,-1.013,-1.403,0.04,0.17
365,10.83,-0.49,345.632,-116.714,-152.91,-54.747,-13.053,-5.489,298.364,-232.003,116.607,20.663,-1.092,-0.856,0.949,-1.957,-0.985,-1.366,0.041,0.166
366,10.726,-0.476,346.063,-119.829,-154.664,-56.983,-13.318,-5.086,297.936,-235.062,114.857,23.843,-1.104,-0.878,0.935,-1.987,-1.015,-1.391,0.041,0.163
367,11.113,-0.266,346.063,-119.829,-154.664,-58.714,-13.094,-5.388,297.936,-235.062,114.857,21.053,-1.103,-0.879,0.936,-1.986,-1.014,-1.391,0.042,0.159
368,10.576,-0.562,346.063,-119.829,-154.664,-57.727,-13.266,-5.301,297.936,-235.062,114.857,21.689,-1.105,-0.878,0.935,-1.986,-1.015,-1.391,0.043,0.156
369,10.637,-0.375,345.632,-116.714,-152.91,-57.772,-13.404,-5.301,297.936,-235.062,114.857,27.077,-1.093,-0.857,0.935,-1.986,-1.001,-1.38,0.044,0.152
370,10.811,-0.347,345.188,-113.525,-154.698,-58.257,-13.402,-5.528,298.364,-232.003,116.607,20.267,-1.107,-0.834,0.948,-1.957,-0.986,-1.355,0.045,0.149
371,10.865,-0.511,346.063,-119.829,-154.664,-57.216,-13.146,-5.71,297.936,-235.062,114.857,20.243,-1.104,-0.878,0.936,-1.985,-1.015,-1.39,0.045,0.146
372,11.073,-0.673,345.188,-113.525,-154.698,-55.169,-13.454,-5.887,297.518,-232.077,113.167,22.751,-1.106,-0.833,0.921,-1.962,-1.015,-1.356,0.046,0.143
373,10.829,-0.625,346.063,-119.829,-154.664,-58.644,-13.185,-5.48,297.518,-232.077,113.167,22.446,-1.104,-0.878,0.922,-1.963,-1.029,-1.379,0.046,0.14
374,10.703,-0.186,346.063,-119.829,-154.664,-54.054,-13.131,-5.435,297.936,-235.062,114.857,26.044,-1.104,-0.879,0.936,-1.986,-1.015,-1.391,0.047,0.137
375,10.845,-0.026,345.642,-122.898,-152.931,-57.407,-13.137,-5.436,297.936,-235.062,114.857,28.127,-1.093,-0.903,0.936,-1.986,-1.001,-1.404,0.047,0.134
376,10.704,-0.744,346.063,-119.829,-154.664,-55.105,-13.008,-5.392,297.518,-232.077,113.167,23.84,-1.104,-0.877,0.923,-1.963,-1.029,-1.379,0.048,0.131
377,10.806,-0.702,346.063,-119.829,-154.664,-55.332,-13.324,-5.622,297.054,-228.762,115.044,23.082,-1.104,-0.877,0.939,-1.937,-1.031,-1.367,0.048,0.129
378,10.974,-0.608,346.483,-116.761,-156.397,-58.818,-13.673,-5.31,297.518,-232.077,113.167,30.506,-1.115,-0.854,0.921,-1.964,-1.044,-1.367,0.049,0.126
379,11.074,-0.616,346.063,-119.829,-154.664,-57.503,-13.139,-5.174,297.518,-232.077,113.167,20.257,-1.103,-0.878,0.922,-1.964,-1.029,-1.38,0.049,0.124
380,10.88,-0.266,346.514,-116.598,-152.839,-57.531,-13.407,-5.53,297.518,-232.077,113.167,23.831,-1.089,-0.854,0.922,-1.963,-1.03,-1.366,0.049,0.121
381,10.495,-0.532,346.063,-119.829,-154.664,-56.363,-13.186,-5.665,297.054,-228.762,115.044,21.672,-1.105,-0.878,0.94,-1.937,-1.032,-1.367,0.049,0.119
382,10.928,-0.743,346.935,-113.529,-154.571,-55.483,-13.415,-5.171,296.613,-231.94,116.848,18.826,-1.1,-0.829,0.956,-1.969,-1.046,-1.354,0.049,0.117
383,11.157,-0.881,346.483,-116.761,-156.397,-54.122,-13.05,-5.398,297.054,-228.762,115.044,29.185,-1.114,-0.853,0.94,-1.938,-1.044,-1.354,0.049,0.115
384,10.879,-0.364,346.039,-113.571,-158.186,-60.436,-13.411,-5.087,297.518,-232.077,113.167,28.05,-1.13,-0.833,0.922,-1.964,-1.043,-1.356,0.049,0.113
385,10.669,-0.117,346.483,-116.761,-156.397,-54.69,-12.819,-5.349,297.518,-232.077,113.167,25.013,-1.116,-0.856,0.923,-1.964,-1.043,-1.367,0.049,0.111
386,11.067,-0.487,346.935,-113.529,-154.571,-56.48,-13.052,-5.169,297.518,-232.077,113.167,23.929,-1.1,-0.83,0.923,-1.964,-1.043,-1.353,0.048,0.11
387,10.572,0.147,346.483,-116.761,-156.397,-53.176,-13.179,-5.128,297.518,-232.077,113.167,26.702,-1.116,-0.856,0.922,-1.964,-1.043,-1.368,0.048,0.108
388,10.994,-0.465,346.06,-107.225,-154.606,-55.065,-13.227,-5.353,297.518,-232.077,113.167,22.417,-1.103,-0.786,0.922,-1.963,-1.029,-1.33,0.048,0.107
389,10.581,0.064,346.06,-107.225,-154.606,-54.592,-13.494,-4.946,297.054,-228.762,115.044,24.921,-1.104,-0.787,0.939,-1.94,-1.032,-1.319,0.047,0.105
390,10.758,-0.391,346.053,-113.646,-154.642,-58.735,-12.994,-5.213,297.518,-232.077,113.167,23.946,-1.104,-0.833,0.923,-1.964,-1.029,-1.356,0.047,0.104
391,10.629,-0.163,346.06,-107.225,-154.606,-53.804,-13.352,-5.437,297.518,-232.077,113.167,24.923,-1.104,-0.787,0.922,-1.963,-1.03,-1.33,0.046,0.103
392,10.489,-0.616,346.06,-107.225,-154.606,-52.257,-13.23,-5.529,297.054,-228.762,115.044,23.136,-1.105,-0.785,0.94,-1.938,-1.031,-1.318,0.046,0.102
393,10.744,-0.389,346.06,-107.225,-154.606,-58.167,-13.262,-5.122,297.518,-232.077,113.167,27.462,-1.104,-0.786,0.922,-1.964,-1.029,-1.331,0.046,0.102
394,10.922,-0.437,345.616,-104.035,-156.394,-56.55,-13.364,-5.525,297.482,-225.703,116.795,27.793,-1.118,-0.763,0.953,-1.909,-1.016,-1.293,0.045,0.101
395,10.835,-0.452,345.63,-104.11,-152.851,-58.024,-12.882,-5.569,297.482,-225.703,116.795,26.405,-1.092,-0.764,0.954,-1.909,-1.001,-1.293,0.045,0.1
396,10.984,-0.176,346.081,-100.878,-151.025,-58.871,-13.456,-5.254,297.923,-222.525,114.991,23.52,-1.077,-0.74,0.936,-1.88,-1.001,-1.267,0.044,0.1
397,10.621,-0.271,346.48,-104.156,-156.338,-54.736,-13.626,-5.573,298.387,-225.841,113.114,23.817,-1.116,-0.763,0.918,-1.904,-1.027,-1.291,0.044,0.1
398,10.59,-0.249,346.48,-104.156,-156.338,-55.672,-13.147,-5.393,297.482,-225.703,116.795,23.508,-1.116,-0.763,0.953,-1.909,-1.03,-1.292,0.044,0.1
399,10.451,-0.172,346.48,-104.156,-156.338,-55.28,-13.183,-5.081,297.482,-225.703,116.795,25.699,-1.116,-0.763,0.953,-1.91,-1.03,-1.293,0.044,0.101
400,10.624,0.125,346.05,-101.041,-154.584,-57.887,-13.037,-5.11,298.387,-225.841,113.114,28.626,-1.104,-0.742,0.92,-1.905,-1.012,-1.281,0.044,0.101
401,10.929,-0.32,345.606,-97.852,-156.373,-56.24,-13.311,-5.66,297.923,-222.525,114.991,22.826,-1.118,-0.718,0.936,-1.878,-1.014,-1.255,0.043,0.102
402,10.809,-0.177,345.606,-97.852,-156.373,-56.184,-12.734,-5.129,297.482,-225.703,116.795,26.78,-1.118,-0.719,0.955,-1.91,-1.015,-1.27,0.043,0.103
403,10.64,-0.243,346.068,-100.803,-154.569,-52.37,-13.055,-5.267,297.041,-216.226,115.178,24.533,-1.104,-0.739,0.941,-1.831,-1.031,-1.244,0.043,0.104
404,10.625,-0.088,345.606,-97.852,-156.373,-56.101,-13.002,-5.393,296.6,-219.404,116.982,25.299,-1.119,-0.719,0.958,-1.861,-1.032,-1.246,0.043,0.105
405,10.852,-0.487,345.207,-94.573,-151.059,-58.168,-13.505,-4.911,296.6,-219.404,116.982,26.642,-1.08,-0.694,0.957,-1.863,-1.005,-1.234,0.043,0.106
406,10.537,0.009,345.627,-91.505,-152.792,-54.588,-13.136,-5.131,297.041,-216.226,115.178,26.341,-1.092,-0.672,0.941,-1.832,-1.017,-1.208,0.043,0.107
407,10.846,0.27,345.183,-88.315,-154.581,-55.695,-13.545,-4.818,297.063,-222.719,115.105,24.857,-1.106,-0.651,0.939,-1.888,-1.017,-1.223,0.042,0.109
408,10.579,-0.232,345.183,-88.315,-154.581,-55.502,-13.279,-5.216,297.505,-219.541,113.301,23.885,-1.107,-0.649,0.923,-1.857,-1.015,-1.208,0.042,0.111
409,10.403,-0.107,345.173,-82.132,-154.559,-57.191,-13.178,-5.401,297.482,-225.703,116.795,27.427,-1.107,-0.604,0.953,-1.909,-1.002,-1.208,0.042,0.113
410,10.937,0.263,345.603,-85.247,-156.314,-57.097,-13.275,-5.166,297.909,-222.645,118.545,22.118,-1.117,-0.627,0.967,-1.881,-1,-1.208,0.042,0.115
411,10.619,0.002,345.603,-85.247,-156.314,-58.886,-13.192,-5.347,297.923,-222.525,114.991,22.143,-1.118,-0.627,0.937,-1.879,-1.014,-1.207,0.042,0.118
412,10.552,0.14,345.603,-85.247,-156.314,-56.206,-13.767,-5.351,298.815,-222.783,114.864,25.232,-1.118,-0.627,0.931,-1.876,-0.998,-1.206,0.042,0.12
413,10.75,-0.058,345.159,-82.057,-158.103,-55.255,-13.18,-5.294,298.815,-222.783,114.864,21.049,-1.132,-0.604,0.933,-1.876,-0.997,-1.194,0.043,0.123
414,11.095,0.218,345.603,-85.247,-156.314,-56.805,-13.266,-5.444,299.233,-225.767,116.554,23.53,-1.117,-0.627,0.945,-1.898,-0.982,-1.217,0.043,0.125
415,10.705,0.084,345.603,-85.247,-156.314,-58.854,-13.304,-5.127,298.341,-225.51,116.68,27.066,-1.118,-0.627,0.949,-1.903,-0.999,-1.218,0.043,0.128
416,10.676,0.137,345.173,-82.132,-154.559,-55.325,-13.625,-5.478,298.815,-222.783,114.864,29.589,-1.107,-0.605,0.931,-1.876,-0.984,-1.194,0.043,0.131
417,10.929,0.023,344.729,-78.942,-156.348,-53.397,-13.237,-5.354,298.351,-219.467,116.741,25.321,-1.12,-0.582,0.95,-1.851,-0.984,-1.17,0.044,0.134
418,10.76,-0.099,345.173,-82.132,-154.559,-57.728,-13.315,-5.256,298.351,-219.467,116.741,27.463,-1.106,-0.604,0.95,-1.851,-0.985,-1.182,0.044,0.137
419,11.2,-0.413,344.729,-78.942,-156.348,-56.812,-13.462,-5.356,298.351,-219.467,116.741,27.752,-1.12,-0.58,0.949,-1.851,-0.984,-1.17,0.044,0.14
420,10.45,0.131,345.18,-75.711,-154.522,-50.817,-13.595,-5.441,297.909,-222.645,118.545,25.926,-1.107,-0.557,0.966,-1.88,-0.987,-1.17,0.045,0.143
421,10.797,0.296,344.729,-78.942,-156.348,-55.597,-13.778,-5.266,298.351,-219.467,116.741,26.631,-1.121,-0.583,0.948,-1.851,-0.985,-1.171,0.046,0.146
422,10.949,-0.486,345.624,-78.9,-152.734,-53.238,-13.044,-5.262,297.887,-216.152,118.618,28.196,-1.091,-0.578,0.968,-1.826,-0.986,-1.156,0.046,0.15
423,10.414,-0.055,346.045,-75.832,-154.466,-58.778,-13.372,-5.308,297.932,-216.483,115.052,24.494,-1.104,-0.556,0.936,-1.828,-1.014,-1.145,0.047,0.153
424,11.123,-0.085,345.611,-78.826,-156.277,-57.06,-13.587,-5.402,298.351,-219.467,116.741,28.394,-1.116,-0.579,0.949,-1.851,-0.998,-1.168,0.047,0.157
425,11.385,0.227,346.475,-78.947,-156.221,-57.394,-13.464,-5.496,297.468,-213.167,116.928,25.176,-1.113,-0.579,0.954,-1.802,-1.028,-1.144,0.048,0.16
426,10.547,0.019,346.475,-78.947,-156.221,-55.323,-13.543,-5.264,297.027,-216.345,118.732,25.607,-1.115,-0.579,0.97,-1.833,-1.031,-1.157,0.048,0.164
427,10.406,-0.209,346.031,-75.757,-158.01,-53.144,-13.314,-5.224,297.027,-216.345,118.732,25.631,-1.13,-0.555,0.971,-1.833,-1.031,-1.145,0.049,0.168
428,10.628,0.27,346.475,-78.947,-156.221,-58.835,-13.06,-5.135,297.027,-216.345,118.732,26.363,-1.115,-0.58,0.972,-1.833,-1.03,-1.158,0.049,0.171
429,10.714,0.122,346.031,-75.757,-158.01,-57.012,-13.556,-5.223,296.563,-213.03,120.609,25.17,-1.129,-0.556,0.988,-1.807,-1.032,-1.134,0.049,0.175
430,10.828,-0.026,346.031,-75.757,-158.01,-60.087,-13.207,-5.001,296.145,-210.045,118.92,24.905,-1.129,-0.556,0.976,-1.785,-1.046,-1.123,0.049,0.179
431,10.962,-0.238,346.021,-69.574,-157.988,-56.487,-13.467,-4.683,296.586,-206.867,117.116,25.246,-1.128,-0.51,0.958,-1.756,-1.045,-1.085,0.049,0.182
432,11.197,-0.07,346.483,-72.526,-156.184,-56.321,-13.24,-5.223,296.586,-206.867,117.116,23.468,-1.113,-0.531,0.959,-1.754,-1.044,-1.095,0.049,0.186
433,10.657,-0.108,346.021,-69.574,-157.988,-59.286,-13.203,-5.221,296.586,-206.867,117.116,26.673,-1.129,-0.51,0.959,-1.754,-1.045,-1.084,0.049,0.19
434,10.923,0.2,346.917,-69.532,-154.374,-55.39,-13.066,-4.995,296.145,-210.045,118.92,29.575,-1.099,-0.51,0.976,-1.785,-1.046,-1.097,0.049,0.194
435,10.846,-0.278,346.473,-66.342,-156.162,-59.312,-12.923,-4.637,296.586,-206.867,117.116,28.512,-1.114,-0.486,0.96,-1.756,-1.044,-1.072,0.049,0.199
436,10.928,-0.528,347.347,-72.647,-156.128,-57.11,-13.077,-4.823,296.586,-206.867,117.116,24.549,-1.11,-0.53,0.959,-1.756,-1.058,-1.094,0.048,0.203
437,10.656,0.253,347.347,-72.647,-156.128,-56.412,-13.373,-5.047,296.586,-206.867,117.116,25.912,-1.111,-0.532,0.958,-1.755,-1.059,-1.095,0.048,0.207
438,10.966,-0.474,347.347,-72.647,-156.128,-56.417,-13.206,-5.319,296.586,-206.867,117.116,27.364,-1.11,-0.53,0.959,-1.754,-1.058,-1.094,0.047,0.212
439,11.202,-0.002,347.799,-69.415,-154.303,-55.743,-12.935,-5.092,296.586,-206.867,117.116,25.678,-1.095,-0.507,0.96,-1.755,-1.058,-1.081,0.047,0.216
440,10.77,-0.173,347.768,-69.579,-157.861,-57.132,-13.026,-5.362,296.145,-210.045,118.92,28.455,-1.122,-0.508,0.976,-1.784,-1.073,-1.095,0.046,0.22
441,10.797,0.301,347.768,-69.579,-157.861,-61.336,-13.469,-5.143,296.586,-206.867,117.116,25.207,-1.122,-0.509,0.958,-1.754,-1.073,-1.082,0.045,0.225
442,10.614,-0.299,347.768,-69.579,-157.861,-63.361,-13.375,-5.182,296.586,-206.867,117.116,24.851,-1.123,-0.507,0.958,-1.754,-1.073,-1.081,0.045,0.229
443,10.971,0.175,347.775,-63.157,-157.824,-56.227,-13.287,-5.309,296.586,-206.867,117.116,26.649,-1.121,-0.462,0.959,-1.754,-1.072,-1.057,0.044,0.233
444,10.93,-0.095,346.893,-63.274,-157.895,-52.104,-13.417,-5.18,296.586,-206.867,117.116,27.336,-1.125,-0.463,0.958,-1.754,-1.058,-1.058,0.043,0.237
445,10.743,0.248,347.324,-66.389,-159.65,-62.062,-13.194,-5.542,296.586,-206.867,117.116,27.04,-1.137,-0.486,0.959,-1.753,-1.072,-1.07,0.042,0.242
446,11.147,0.113,346.473,-66.342,-156.162,-60.723,-13.143,-5.178,296.122,-203.552,118.993,20.991,-1.113,-0.487,0.977,-1.729,-1.045,-1.059,0.041,0.246
447,10.539,-0.044,346.903,-69.457,-157.917,-57.801,-13.421,-5.139,296.168,-203.883,115.427,25.539,-1.126,-0.508,0.945,-1.731,-1.074,-1.072,0.04,0.251
448,10.618,0.035,347.324,-66.389,-159.65,-62.001,-13.158,-4.957,296.586,-206.867,117.116,29.165,-1.137,-0.486,0.959,-1.755,-1.072,-1.07,0.039,0.255
449,11.116,-0.186,346.893,-63.274,-157.895,-57.096,-13.029,-5.495,296.168,-203.883,115.427,20.231,-1.124,-0.463,0.946,-1.73,-1.072,-1.046,0.038,0.259
450,10.688,0.109,347.345,-60.042,-156.07,-59.954,-13.376,-5.188,296.586,-206.867,117.116,26.268,-1.111,-0.439,0.958,-1.754,-1.059,-1.045,0.037,0.263
451,10.709,-0.012,347.775,-63.157,-157.824,-57.549,-13.37,-4.727,296.586,-206.867,117.116,28.486,-1.122,-0.461,0.958,-1.756,-1.072,-1.057,0.035,0.268
452,10.798,0.174,347.345,-60.042,-156.07,-58.882,-13.39,-5.269,295.704,-200.568,117.303,23.38,-1.11,-0.44,0.963,-1.705,-1.075,-1.022,0.034,0.272
453,10.98,-0.275,347.765,-56.974,-157.803,-58.828,-13.193,-5.005,296.596,-200.825,117.177,27.756,-1.121,-0.415,0.959,-1.703,-1.071,-1.008,0.033,0.276
454,10.36,0.129,347.321,-53.784,-159.591,-60.585,-13.156,-5.048,295.704,-200.568,117.303,25.588,-1.137,-0.394,0.964,-1.706,-1.089,-0.997,0.032,0.28
455,11.026,-0.044,347.765,-56.974,-157.803,-62.389,-12.978,-4.829,296.168,-203.883,115.427,20.931,-1.121,-0.416,0.947,-1.732,-1.086,-1.021,0.031,0.285
456,10.761,0.262,347.321,-53.784,-159.591,-60.515,-13.116,-4.785,295.704,-200.568,117.303,27.364,-1.136,-0.394,0.964,-1.707,-1.088,-0.998,0.03,0.289
457,11.057,-0.117,347.321,-53.784,-159.591,-61.848,-13.069,-4.866,295.704,-200.568,117.303,27.748,-1.135,-0.393,0.964,-1.707,-1.088,-0.997,0.028,0.293
458,11.064,-0.145,348.637,-50.674,-157.71,-58.641,-13.432,-5.59,295.668,-194.194,120.93,27.603,-1.117,-0.369,0.994,-1.65,-1.088,-0.957,0.027,0.298
459,11.091,-0.367,347.773,-50.553,-157.766,-56.846,-13.348,-5.058,295.714,-194.525,117.364,24.134,-1.12,-0.368,0.963,-1.654,-1.088,-0.959,0.026,0.302
460,10.84,-0.115,347.773,-50.553,-157.766,-64.087,-13.171,-5.101,295.286,-197.583,115.614,27.32,-1.121,-0.369,0.95,-1.682,-1.103,-0.972,0.024,0.307
461,11.098,0.201,348.193,-47.485,-159.499,-63.853,-13.262,-5.096,294.822,-194.268,117.491,24.5,-1.132,-0.347,0.968,-1.657,-1.118,-0.947,0.023,0.312
462,11.158,-0.318,348.637,-50.674,-157.71,-64.154,-13.025,-4.778,294.822,-194.268,117.491,24.545,-1.117,-0.368,0.968,-1.658,-1.117,-0.959,0.021,0.317
463,10.974,-0.202,348.193,-47.485,-159.499,-61.173,-12.973,-5.137,295.25,-191.209,119.241,26.378,-1.132,-0.346,0.982,-1.628,-1.102,-0.934,0.02,0.321
464,10.832,-0.012,347.763,-44.37,-157.744,-62.109,-12.95,-5.005,294.822,-194.268,117.491,27.046,-1.121,-0.324,0.969,-1.657,-1.104,-0.936,0.018,0.326
465,11.15,0.073,348.193,-47.485,-159.499,-58.848,-13.261,-5.149,294.822,-194.268,117.491,29.11,-1.132,-0.347,0.968,-1.656,-1.118,-0.947,0.017,0.331
466,11.008,-0.022,348.183,-41.301,-159.477,-59.339,-13.382,-5.318,294.822,-194.268,117.491,30.874,-1.132,-0.301,0.967,-1.656,-1.118,-0.922,0.015,0.336
467,10.789,-0.025,347.739,-38.112,-161.266,-58.921,-13.159,-5.232,295.286,-197.583,115.614,27.723,-1.147,-0.278,0.95,-1.682,-1.116,-0.923,0.013,0.341
468,11.239,-0.122,348.635,-38.07,-157.651,-60.403,-12.845,-5.093,295.714,-194.525,117.364,27.061,-1.116,-0.277,0.965,-1.654,-1.1,-0.909,0.011,0.346
469,11.455,-0.454,348.191,-34.88,-159.44,-63.503,-13.289,-4.521,295.25,-191.209,119.241,32.326,-1.13,-0.253,0.981,-1.63,-1.102,-0.885,0.01,0.352
470,11.415,-0.188,348.635,-38.07,-157.651,-62.523,-13.119,-5.004,296.155,-191.347,115.561,26.368,-1.116,-0.277,0.947,-1.624,-1.099,-0.896,0.008,0.357
471,10.957,0.02,348.191,-34.88,-159.44,-65.804,-13.248,-5.361,296.573,-194.331,117.25,28.798,-1.132,-0.255,0.96,-1.646,-1.085,-0.895,0.006,0.362
472,11.387,-0.282,348.191,-34.88,-159.44,-60.642,-13.026,-4.969,295.714,-194.525,117.364,33.042,-1.131,-0.254,0.964,-1.654,-1.1,-0.897,0.005,0.368
473,10.974,-0.153,348.191,-34.88,-159.44,-58.705,-13.56,-4.922,296.142,-191.466,119.115,25.529,-1.132,-0.254,0.976,-1.626,-1.086,-0.884,0.003,0.373
474,11.379,0.235,347.736,-25.507,-161.207,-64.175,-12.928,-5.004,296.573,-194.331,117.25,24.978,-1.145,-0.187,0.961,-1.648,-1.083,-0.859,0.002,0.378
475,10.851,0.415,347.76,-31.765,-157.685,-61.326,-12.979,-5.228,296.573,-194.331,117.25,27.057,-1.121,-0.233,0.961,-1.647,-1.071,-0.884,0,0.384
476,11.01,0.369,349.063,-28.58,-159.347,-62.492,-13.024,-4.968,295.714,-194.525,117.364,27.388,-1.128,-0.209,0.964,-1.654,-1.114,-0.872,-0.001,0.389
477,11.059,0.02,348.181,-28.697,-159.418,-62.797,-13.56,-4.971,295.25,-191.209,119.241,27.31,-1.131,-0.209,0.98,-1.628,-1.103,-0.86,-0.002,0.395
478,10.881,-0.028,347.736,-25.507,-161.207,-56.926,-13.335,-4.697,295.25,-191.209,119.241,29.873,-1.146,-0.186,0.981,-1.629,-1.102,-0.849,-0.003,0.4
479,11.326,0.093,347.306,-22.392,-159.452,-60.745,-13.266,-4.735,294.832,-188.225,117.552,29.536,-1.134,-0.164,0.968,-1.606,-1.103,-0.826,-0.005,0.406
480,10.712,0.241,347.313,-15.97,-159.415,-59.537,-13.565,-4.688,294.832,-188.225,117.552,31.657,-1.135,-0.117,0.967,-1.606,-1.104,-0.801,-0.006,0.412
481,10.797,0.32,346.885,-25.46,-157.719,-64.551,-12.989,-4.925,295.273,-185.047,115.748,29.505,-1.124,-0.187,0.952,-1.575,-1.088,-0.826,-0.007,0.417
482,10.996,0.303,347.306,-22.392,-159.452,-58.512,-13.523,-5.232,294.786,-187.894,121.118,31.237,-1.135,-0.165,0.998,-1.601,-1.09,-0.824,-0.008,0.423
483,10.938,0.248,348.188,-22.275,-159.381,-55.688,-13.217,-4.746,295.227,-184.716,119.314,27.712,-1.131,-0.163,0.982,-1.573,-1.102,-0.81,-0.01,0.429
484,10.853,0.693,347.757,-19.16,-157.627,-62.683,-12.9,-4.972,295.691,-188.031,117.437,29.161,-1.12,-0.142,0.966,-1.599,-1.087,-0.811,-0.011,0.435
485,11.153,0.236,346.885,-25.46,-157.719,-61.812,-12.885,-4.745,295.678,-188.151,120.991,31.011,-1.123,-0.187,0.996,-1.6,-1.059,-0.837,-0.012,0.441
486,10.765,0.426,347.757,-19.16,-157.627,-59.762,-13.422,-5.377,296.119,-184.973,119.188,30.129,-1.12,-0.141,0.977,-1.569,-1.072,-0.798,-0.013,0.446
487,10.897,0.113,347.337,-22.228,-155.894,-59.162,-13.021,-5.547,296.155,-191.347,115.561,33.413,-1.109,-0.163,0.948,-1.623,-1.071,-0.835,-0.013,0.452
488,10.814,0.354,347.757,-19.16,-157.627,-58.681,-13.457,-4.736,297.001,-191.273,119,31.294,-1.12,-0.141,0.973,-1.62,-1.056,-0.822,-0.014,0.458
489,10.681,0.491,347.306,-22.392,-159.452,-55.173,-13.148,-5.012,297.001,-191.273,119,30.29,-1.136,-0.165,0.974,-1.619,-1.056,-0.835,-0.015,0.464
490,11.11,0.025,347.313,-15.97,-159.415,-60.349,-13.334,-5.05,296.573,-194.331,117.25,30.607,-1.134,-0.117,0.96,-1.647,-1.07,-0.822,-0.015,0.469
491,10.771,0.047,347.337,-22.228,-155.894,-58.719,-13.555,-4.787,296.155,-191.347,115.561,31.627,-1.109,-0.163,0.946,-1.625,-1.073,-0.836,-0.016,0.475
492,11.029,0.208,347.306,-22.392,-159.452,-55.188,-13.288,-4.693,295.691,-188.031,117.437,27.388,-1.135,-0.164,0.964,-1.599,-1.087,-0.824,-0.016,0.48
493,10.63,0.333,347.768,-25.343,-157.648,-55.468,-13.246,-5.008,295.691,-188.031,117.437,30.204,-1.121,-0.186,0.964,-1.598,-1.088,-0.835,-0.016,0.485
494,11.163,0.544,347.337,-22.228,-155.894,-61.365,-13.377,-5.14,295.691,-188.031,117.437,33.837,-1.108,-0.164,0.964,-1.598,-1.073,-0.823,-0.017,0.491
495,10.706,0.261,348.188,-22.275,-159.381,-58.161,-13.423,-5.008,295.691,-188.031,117.437,30.201,-1.132,-0.163,0.964,-1.598,-1.101,-0.822,-0.017,0.496
496,10.711,0.383,347.757,-19.16,-157.627,-63.377,-13.328,-4.696,296.142,-191.466,119.115,30.566,-1.121,-0.141,0.977,-1.627,-1.072,-0.824,-0.017,0.501
497,11.057,0.341,347.757,-19.16,-157.627,-56.772,-13.12,-5.137,296.573,-194.331,117.25,26.722,-1.12,-0.141,0.96,-1.647,-1.07,-0.834,-0.018,0.505
498,10.772,0.383,348.632,-25.465,-157.592,-57.396,-13.278,-5.184,296.573,-194.331,117.25,29.865,-1.117,-0.187,0.96,-1.647,-1.085,-0.858,-0.018,0.51
499,10.76,0.12,348.632,-25.465,-157.592,-58.924,-13.204,-5.058,296.573,-194.331,117.25,29.49,-1.117,-0.186,0.96,-1.647,-1.085,-0.858,-0.018,0.515
500,10.898,0.117,348.632,-25.465,-157.592,-60.021,-13.336,-5.048,297.001,-191.273,119,27.755,-1.117,-0.186,0.973,-1.619,-1.07,-0.845,-0.018,0.519
501,10.901,0.436,348.632,-25.465,-157.592,-57.497,-13.34,-5.231,296.573,-194.331,117.25,26.302,-1.117,-0.187,0.96,-1.647,-1.085,-0.858,-0.019,0.523
502,10.954,0.213,348.632,-25.465,-157.592,-58.915,-13.038,-5.101,296.573,-194.331,117.25,27.009,-1.117,-0.186,0.961,-1.647,-1.084,-0.858,-0.019,0.527
503,10.985,0.214,347.736,-25.507,-161.207,-58.431,-13.246,-5.146,296.573,-194.331,117.25,28.419,-1.146,-0.187,0.96,-1.647,-1.084,-0.859,-0.019,0.531
504,10.666,-0.107,347.316,-28.575,-159.474,-62.757,-13.569,-4.958,296.145,-197.39,115.5,32.342,-1.136,-0.209,0.945,-1.676,-1.087,-0.884,-0.019,0.534
505,10.81,0.163,346.895,-31.643,-157.741,-55.972,-13.607,-5.224,295.286,-197.583,115.614,29.101,-1.124,-0.232,0.949,-1.682,-1.089,-0.899,-0.019,0.538
506,10.572,0.338,347.316,-28.575,-159.474,-58.632,-13.6,-5.364,295.714,-194.525,117.364,28.009,-1.136,-0.21,0.963,-1.653,-1.088,-0.874,-0.019,0.541
507,10.661,0.105,346.885,-25.46,-157.719,-58.82,-13.384,-4.86,295.286,-197.583,115.614,35.855,-1.124,-0.187,0.95,-1.683,-1.089,-0.875,-0.02,0.544
508,10.825,0.156,346.909,-31.718,-154.198,-59.173,-13.324,-5.185,295.286,-197.583,115.614,33.784,-1.098,-0.233,0.95,-1.682,-1.075,-0.899,-0.02,0.546
509,10.637,-0.332,346.465,-28.528,-155.986,-57.752,-13.469,-5.546,295.704,-200.568,117.303,34.09,-1.113,-0.208,0.962,-1.704,-1.061,-0.897,-0.02,0.549
510,10.894,0.049,346.465,-28.528,-155.986,-62.484,-13.479,-5.234,296.573,-194.331,117.25,29.437,-1.112,-0.209,0.959,-1.647,-1.044,-0.872,-0.02,0.551
511,10.451,0.161,346.465,-28.528,-155.986,-58.747,-13.342,-5.221,296.573,-194.331,117.25,25.582,-1.114,-0.21,0.96,-1.647,-1.044,-0.873,-0.02,0.553
512,10.566,0.037,346.895,-31.643,-157.741,-58.199,-13.332,-4.783,297.037,-197.647,115.373,32.743,-1.125,-0.232,0.942,-1.674,-1.056,-0.897,-0.02,0.555
513,10.271,-0.074,346.037,-38.018,-154.29,-62.82,-13.104,-4.957,297.501,-200.962,113.496,29.568,-1.103,-0.279,0.925,-1.699,-1.027,-0.935,-0.02,0.557
514,10.662,-0.122,346.465,-28.528,-155.986,-62.186,-13.194,-5.045,297.455,-200.631,117.062,30.247,-1.113,-0.209,0.956,-1.696,-1.027,-0.896,-0.019,0.558
515,10.347,-0.241,346.919,-37.901,-154.219,-59.948,-13.552,-4.728,297.455,-200.631,117.062,32.736,-1.099,-0.277,0.954,-1.697,-1.029,-0.933,-0.019,0.56
516,10.358,-0.24,346.888,-38.065,-157.778,-59.046,-13.02,-5.179,298.361,-200.768,113.382,31.371,-1.126,-0.278,0.922,-1.692,-1.038,-0.932,-0.018,0.561
517,10.352,-0.121,346.045,-31.597,-154.254,-65.079,-13.275,-4.736,297.919,-203.946,115.186,29.142,-1.102,-0.232,0.938,-1.723,-1.013,-0.922,-0.018,0.562
518,10.445,-0.035,346.489,-34.786,-152.465,-61.579,-13.415,-4.326,297.919,-203.946,115.186,31.37,-1.088,-0.255,0.937,-1.724,-1.013,-0.934,-0.017,0.563
519,10.185,-0.376,346.045,-31.597,-154.254,-59.371,-13.412,-4.634,298.347,-200.888,116.936,26.738,-1.103,-0.231,0.951,-1.695,-0.998,-0.909,-0.016,0.563
520,10.436,0.017,345.614,-28.482,-152.499,-60.59,-13.194,-4.553,298.361,-200.768,113.382,28.447,-1.091,-0.209,0.921,-1.694,-0.997,-0.897,-0.015,0.564
521,10.772,0.238,345.162,-31.713,-154.325,-60.573,-13.185,-4.821,297.919,-203.946,115.186,29.212,-1.105,-0.234,0.938,-1.723,-0.998,-0.924,-0.014,0.564
522,10.767,0.248,345.162,-31.713,-154.325,-59.253,-12.956,-4.908,297.919,-203.946,115.186,31.021,-1.105,-0.234,0.939,-1.722,-0.998,-0.924,-0.013,0.564
523,10.541,0.49,345.583,-28.645,-156.057,-62.368,-13.312,-5.001,297.919,-203.946,115.186,35.912,-1.117,-0.212,0.938,-1.722,-1.012,-0.911,-0.011,0.564
524,10.986,0.741,345.162,-31.713,-154.325,-60.703,-13.056,-5.142,297.919,-203.946,115.186,32.096,-1.104,-0.236,0.939,-1.722,-0.997,-0.924,-0.01,0.564
525,10.279,0.008,344.718,-28.524,-156.113,-57.804,-13.222,-4.945,298.383,-207.262,113.309,31.417,-1.121,-0.21,0.921,-1.748,-0.997,-0.924,-0.009,0.564
526,10.68,-0.165,345.593,-34.828,-156.079,-64.564,-13.019,-5.358,297.919,-203.946,115.186,32.768,-1.116,-0.256,0.939,-1.721,-1.012,-0.934,-0.007,0.564
527,10.382,0.016,345.162,-31.713,-154.325,-61.972,-13.1,-5.177,297.919,-203.946,115.186,27.775,-1.106,-0.233,0.939,-1.722,-0.998,-0.923,-0.006,0.564
528,10.184,-0.242,346.013,-31.76,-157.812,-61.959,-13.28,-5.09,297.919,-203.946,115.186,29.897,-1.129,-0.232,0.938,-1.722,-1.026,-0.922,-0.004,0.563
529,10.986,0.027,346.013,-31.76,-157.812,-64.037,-13.147,-5.046,297.492,-207.005,113.435,25.639,-1.127,-0.233,0.925,-1.751,-1.04,-0.935,-0.002,0.563
530,10.355,0.236,346.013,-31.76,-157.812,-60.853,-13.008,-4.907,297.492,-207.005,113.435,30.657,-1.129,-0.234,0.925,-1.751,-1.041,-0.935,-0.001,0.563
531,10.596,0.197,346.013,-31.76,-157.812,-61.558,-13.021,-4.635,297.919,-203.946,115.186,29.247,-1.128,-0.234,0.939,-1.723,-1.025,-0.923,0,0.562
532,10.847,0.375,346.895,-31.643,-157.741,-60.98,-13.063,-4.69,297.492,-207.005,113.435,29.904,-1.124,-0.233,0.925,-1.752,-1.054,-0.934,0.002,0.561
533,10.619,-0.015,346.895,-31.643,-157.741,-60.207,-12.918,-4.911,297.492,-207.005,113.435,28.496,-1.124,-0.232,0.926,-1.751,-1.054,-0.933,0.003,0.561
534,10.608,0.151,346.013,-31.76,-157.812,-62.321,-12.341,-4.867,297.05,-210.183,115.239,25.041,-1.128,-0.234,0.944,-1.781,-1.041,-0.948,0.004,0.56
535,10.629,0.113,346.444,-34.875,-159.567,-60.581,-12.969,-4.857,297.05,-210.183,115.239,27.123,-1.139,-0.256,0.942,-1.781,-1.056,-0.96,0.005,0.559
536,10.844,0.026,346.444,-34.875,-159.567,-61.001,-12.694,-4.78,297.05,-210.183,115.239,29.248,-1.139,-0.256,0.943,-1.781,-1.055,-0.96,0.006,0.558
537,10.68,-0.192,346.895,-31.643,-157.741,-61.42,-12.743,-5.182,296.623,-213.241,113.489,32.058,-1.124,-0.231,0.929,-1.809,-1.071,-0.958,0.007,0.557
538,10.819,-0.067,346.444,-34.875,-159.567,-62.72,-12.877,-4.958,297.064,-210.063,111.685,32.84,-1.139,-0.256,0.912,-1.78,-1.069,-0.959,0.008,0.556
539,11.161,-0.374,346.444,-34.875,-159.567,-60.902,-12.878,-4.822,296.623,-213.241,113.489,29.575,-1.138,-0.255,0.929,-1.81,-1.07,-0.972,0.009,0.555
540,11.058,-0.294,346.444,-34.875,-159.567,-61.077,-12.827,-5.09,296.623,-213.241,113.489,27.818,-1.138,-0.255,0.929,-1.809,-1.07,-0.972,0.009,0.553
541,10.391,-0.638,346.874,-37.99,-161.321,-59.969,-12.842,-5.142,296.623,-213.241,113.489,26.016,-1.151,-0.276,0.929,-1.809,-1.085,-0.983,0.01,0.552
542,10.752,-0.504,346.888,-38.065,-157.778,-58.959,-12.918,-4.997,296.623,-213.241,113.489,28.548,-1.124,-0.277,0.929,-1.809,-1.071,-0.983,0.01,0.55
543,10.839,-0.83,347.34,-34.833,-155.952,-63.599,-12.921,-5.219,296.623,-213.241,113.489,27.484,-1.109,-0.252,0.929,-1.809,-1.071,-0.969,0.01,0.549
544,10.637,-0.511,346.888,-38.065,-157.778,-60.655,-13.009,-4.772,297.514,-213.498,113.362,28.189,-1.125,-0.277,0.925,-1.807,-1.054,-0.983,0.01,0.547
545,10.904,-0.152,347.34,-34.833,-155.952,-60.539,-13.102,-4.865,296.623,-213.241,113.489,30.275,-1.109,-0.254,0.928,-1.81,-1.071,-0.971,0.011,0.546
546,10.444,-0.736,346.864,-31.807,-161.3,-62.451,-13.01,-4.999,296.623,-213.241,113.489,32.04,-1.151,-0.231,0.928,-1.809,-1.085,-0.958,0.011,0.544
547,11.072,-0.23,347.316,-28.575,-159.474,-60.737,-13.009,-5.089,296.623,-213.241,113.489,28.53,-1.135,-0.208,0.928,-1.809,-1.084,-0.946,0.011,0.542
548,11.336,0.115,346.451,-28.454,-159.53,-57.189,-13.1,-4.86,296.195,-216.299,111.738,30.264,-1.137,-0.209,0.914,-1.839,-1.085,-0.96,0.011,0.541
549,10.573,-0.215,345.989,-25.502,-161.334,-57.183,-13.056,-4.495,296.623,-213.241,113.489,25.656,-1.154,-0.187,0.928,-1.811,-1.071,-0.936,0.01,0.539
550,10.852,0.169,346.872,-25.385,-161.263,-54.29,-13.233,-4.817,296.181,-216.419,115.293,28.813,-1.15,-0.186,0.944,-1.84,-1.086,-0.948,0.01,0.537
551,10.722,0.242,346.021,-25.339,-157.775,-60.233,-13.325,-5.001,295.335,-216.493,111.853,28.068,-1.127,-0.187,0.917,-1.845,-1.089,-0.95,0.01,0.536
552,10.951,-0.107,346.441,-22.27,-159.508,-58.559,-13.337,-4.865,295.763,-213.434,113.603,31.967,-1.138,-0.163,0.931,-1.817,-1.087,-0.925,0.009,0.534
553,10.764,0.116,346.462,-15.924,-155.928,-59.523,-12.917,-4.551,295.763,-213.434,113.603,27.813,-1.112,-0.117,0.932,-1.818,-1.073,-0.9,0.009,0.533
554,10.446,-0.356,346.011,-19.155,-157.753,-59.304,-12.873,-4.951,296.195,-216.299,111.738,28.562,-1.128,-0.14,0.915,-1.838,-1.072,-0.923,0.009,0.532
555,10.556,0.699,346.011,-19.155,-157.753,-58.649,-13.186,-5.125,296.645,-219.734,113.416,29.565,-1.128,-0.143,0.927,-1.864,-1.057,-0.937,0.008,0.531
556,10.713,0.369,346.893,-19.039,-157.682,-55.69,-13.005,-5.177,297.087,-216.556,111.612,32.034,-1.124,-0.14,0.911,-1.834,-1.069,-0.922,0.008,0.53
557,10.545,0.423,346.893,-19.039,-157.682,-53.897,-12.965,-4.553,296.181,-216.419,115.293,33.852,-1.124,-0.141,0.945,-1.841,-1.072,-0.924,0.007,0.529
558,10.495,0.43,346.862,-19.202,-161.241,-60.614,-12.954,-4.86,297.087,-216.556,111.612,28.542,-1.151,-0.142,0.911,-1.835,-1.083,-0.923,0.007,0.528
559,10.804,0.32,346.893,-19.039,-157.682,-58.16,-13.315,-4.997,297.063,-222.719,115.105,30.224,-1.124,-0.14,0.94,-1.888,-1.056,-0.946,0.006,0.527
560,10.843,0.675,346.885,-25.46,-157.719,-59.919,-13.148,-5.129,296.645,-219.734,113.416,32.051,-1.124,-0.188,0.927,-1.864,-1.071,-0.961,0.006,0.526
561,10.565,0.341,347.316,-28.575,-159.474,-57.802,-12.698,-5.044,296.645,-219.734,113.416,32.78,-1.136,-0.21,0.929,-1.865,-1.084,-0.972,0.006,0.526
562,10.893,0.16,346.885,-25.46,-157.719,-56.764,-13.263,-4.684,296.217,-222.793,111.665,31.658,-1.124,-0.187,0.913,-1.895,-1.086,-0.974,0.005,0.525
563,10.541,0.386,347.316,-28.575,-159.474,-56.268,-13.499,-5.043,296.217,-222.793,111.665,30.549,-1.136,-0.21,0.912,-1.894,-1.101,-0.985,0.005,0.524
564,10.8,-0.237,346.895,-31.643,-157.741,-59.942,-13.222,-4.906,296.217,-222.793,111.665,33.799,-1.124,-0.231,0.913,-1.894,-1.086,-0.997,0.004,0.523
565,10.861,-0.277,347.34,-34.833,-155.952,-58.453,-12.78,-5.046,296.636,-225.777,113.355,25.632,-1.109,-0.254,0.928,-1.916,-1.071,-1.02,0.003,0.522
566,10.837,-0.165,348.214,-41.138,-155.918,-58.32,-12.512,-5.306,296.636,-225.777,113.355,28.604,-1.106,-0.3,0.929,-1.916,-1.084,-1.043,0.003,0.52
567,10.968,-0.331,347.77,-37.948,-157.707,-62.216,-13.264,-4.775,295.776,-225.971,113.469,32.993,-1.12,-0.276,0.93,-1.925,-1.101,-1.034,0.002,0.519
568,10.57,-0.06,347.319,-41.18,-159.533,-61.71,-13.234,-4.906,296.217,-222.793,111.665,30.928,-1.136,-0.301,0.913,-1.894,-1.101,-1.034,0.002,0.517
569,10.79,-0.159,347.773,-50.553,-157.766,-61.437,-13.269,-5.132,296.636,-225.777,113.355,29.489,-1.121,-0.369,0.926,-1.916,-1.086,-1.081,0.001,0.516
570,10.748,-0.028,347.773,-50.553,-157.766,-58.636,-12.866,-4.995,296.636,-225.777,113.355,25.319,-1.121,-0.369,0.928,-1.917,-1.085,-1.081,0,0.514
571,10.751,-0.41,347.773,-50.553,-157.766,-62.939,-12.736,-5.214,296.208,-228.835,111.604,26.023,-1.121,-0.368,0.914,-1.945,-1.1,-1.093,-0.001,0.512
572,10.674,-0.372,347.342,-47.438,-156.011,-55.808,-13.134,-5.396,295.767,-232.013,113.408,29.849,-1.11,-0.346,0.93,-1.974,-1.089,-1.095,-0.001,0.509
573,10.664,-0.56,347.321,-53.784,-159.591,-57.841,-12.833,-5.407,295.348,-229.029,111.719,25.204,-1.137,-0.392,0.918,-1.952,-1.117,-1.109,-0.002,0.507
574,10.703,-0.855,346.901,-56.853,-157.858,-59.983,-12.787,-5.041,295.767,-232.013,113.408,29.184,-1.125,-0.414,0.931,-1.976,-1.088,-1.133,-0.003,0.504
575,10.754,-0.038,346.893,-63.274,-157.895,-57.506,-12.913,-4.946,295.767,-232.013,113.408,29.557,-1.125,-0.463,0.931,-1.976,-1.088,-1.159,-0.004,0.501
576,10.83,-0.681,347.775,-63.157,-157.824,-57.551,-12.567,-5.27,296.208,-228.835,111.604,27.091,-1.122,-0.459,0.915,-1.945,-1.1,-1.143,-0.004,0.497
577,10.937,-0.221,347.345,-60.042,-156.07,-58.014,-12.733,-5.084,295.767,-232.013,113.408,30.661,-1.11,-0.438,0.931,-1.975,-1.088,-1.145,-0.005,0.494
578,10.968,-0.231,347.775,-63.157,-157.824,-57.754,-12.782,-4.939,295.767,-232.013,113.408,27.838,-1.121,-0.461,0.931,-1.976,-1.102,-1.157,-0.006,0.49
579,10.664,0.006,347.768,-69.579,-157.861,-59.835,-12.956,-5.266,296.231,-235.329,111.531,30.209,-1.122,-0.508,0.913,-2,-1.101,-1.195,-0.007,0.486
580,10.976,-0.495,347.347,-72.647,-156.128,-58.611,-13.132,-5.127,296.208,-228.835,111.604,29.205,-1.11,-0.53,0.913,-1.945,-1.087,-1.181,-0.008,0.482
581,10.611,-0.098,348.23,-72.53,-156.057,-60.974,-12.744,-5.4,295.339,-235.072,111.658,28.815,-1.108,-0.529,0.918,-2.004,-1.118,-1.206,-0.008,0.478
582,10.914,-0.915,348.222,-78.952,-156.094,-57.979,-12.73,-4.945,295.339,-235.072,111.658,28.178,-1.107,-0.573,0.918,-2.005,-1.117,-1.23,-0.009,0.473
583,10.839,-0.531,348.198,-72.694,-159.616,-55.08,-12.737,-5.445,295.339,-235.072,111.658,26.31,-1.133,-0.529,0.918,-2.003,-1.131,-1.206,-0.01,0.468
584,11.06,-0.543,348.222,-78.952,-156.094,-56.27,-13.322,-5.4,295.767,-232.013,113.408,29.857,-1.107,-0.574,0.929,-1.974,-1.103,-1.217,-0.011,0.463
585,10.931,-1.055,348.222,-78.952,-156.094,-52.205,-12.776,-5.127,295.339,-235.072,111.658,29.2,-1.107,-0.573,0.917,-2.004,-1.117,-1.23,-0.012,0.458
586,11.064,-0.751,348.653,-82.067,-157.849,-55.035,-13.276,-5.576,295.339,-235.072,111.658,31.584,-1.118,-0.596,0.916,-2.003,-1.132,-1.241,-0.013,0.452
587,11.042,-0.502,348.201,-85.298,-159.675,-57.365,-13.134,-5.085,295.339,-235.072,111.658,26.647,-1.133,-0.621,0.916,-2.005,-1.132,-1.256,-0.014,0.447
588,11.1,-0.848,347.77,-82.183,-157.92,-56.25,-13.001,-5.171,295.339,-235.072,111.658,27.063,-1.122,-0.598,0.917,-2.004,-1.117,-1.244,-0.015,0.441
589,10.263,-0.692,348.653,-82.067,-157.849,-55.254,-13.094,-5.22,294.898,-238.25,113.462,27.348,-1.121,-0.596,0.933,-2.035,-1.134,-1.255,-0.016,0.435
590,10.882,-1.019,348.232,-85.135,-156.116,-53.687,-12.823,-5.219,295.339,-235.072,111.658,29.512,-1.108,-0.618,0.917,-2.004,-1.118,-1.254,-0.018,0.429
591,10.61,-0.477,348.653,-82.067,-157.849,-61.426,-13.008,-5.174,295.803,-238.387,109.781,26.278,-1.12,-0.597,0.899,-2.03,-1.13,-1.254,-0.019,0.423
592,10.646,-1.197,349.097,-85.256,-156.06,-56.952,-13.412,-5.122,295.339,-235.072,111.658,26.252,-1.105,-0.617,0.915,-2.005,-1.133,-1.253,-0.02,0.417
593,10.881,-0.451,347.781,-88.367,-157.942,-58.991,-13.101,-5.263,295.339,-235.072,111.658,31.249,-1.122,-0.644,0.916,-2.004,-1.118,-1.269,-0.021,0.411
594,10.4,-0.292,348.232,-85.135,-156.116,-55.297,-13.096,-5.122,295.339,-235.072,111.658,28.823,-1.109,-0.62,0.916,-2.005,-1.119,-1.255,-0.022,0.405
595,10.841,-0.869,348.653,-82.067,-157.849,-55.693,-13.006,-5.223,295.339,-235.072,111.658,28.082,-1.119,-0.595,0.917,-2.004,-1.132,-1.241,-0.024,0.399
596,10.917,-0.763,348.653,-82.067,-157.849,-61.848,-12.916,-5.306,294.921,-232.087,109.968,30.28,-1.119,-0.596,0.904,-1.981,-1.146,-1.231,-0.025,0.393
597,10.931,-0.566,348.653,-82.067,-157.849,-57.475,-13.009,-4.997,295.348,-229.029,111.719,29.199,-1.119,-0.596,0.917,-1.953,-1.131,-1.218,-0.026,0.386
598,10.739,-0.483,348.222,-78.952,-156.094,-58.319,-13.005,-5,294.457,-228.772,111.845,26.991,-1.108,-0.575,0.921,-1.957,-1.134,-1.208,-0.027,0.381
599,10.832,-0.271,348.653,-82.067,-157.849,-60.582,-13.1,-5.254,295.348,-229.029,111.719,24.892,-1.119,-0.597,0.917,-1.952,-1.131,-1.218,-0.029,0.375
600,10.79,-0.992,349.073,-78.999,-159.582,-58.327,-13.409,-5.222,295.348,-229.029,111.719,31.23,-1.13,-0.572,0.916,-1.952,-1.145,-1.205,-0.03,0.369
601,11.157,-0.401,347.778,-75.762,-157.883,-57.841,-13.184,-5.262,294.457,-228.772,111.845,27.728,-1.121,-0.552,0.92,-1.956,-1.134,-1.196,-0.031,0.364
602,10.779,-0.353,349.073,-78.999,-159.582,-61.083,-13.28,-5.168,294.457,-228.772,111.845,29.156,-1.13,-0.574,0.92,-1.956,-1.162,-1.206,-0.032,0.359
603,11.467,-0.044,348.222,-78.952,-156.094,-57.525,-13.588,-5.079,294.457,-228.772,111.845,30.864,-1.106,-0.576,0.919,-1.956,-1.134,-1.208,-0.034,0.353
604,11.105,-0.579,348.222,-78.952,-156.094,-57.556,-13.274,-5.126,295.339,-235.072,111.658,28.74,-1.107,-0.574,0.916,-2.005,-1.118,-1.231,-0.035,0.349
605,11.1,-0.264,348.208,-78.877,-159.638,-53.606,-13.263,-4.855,295.339,-235.072,111.658,30.928,-1.133,-0.575,0.916,-2.005,-1.132,-1.231,-0.036,0.344
606,10.566,-0.753,348.65,-69.462,-157.79,-53.264,-13.547,-5.085,294.921,-232.087,109.968,28.33,-1.119,-0.504,0.902,-1.982,-1.147,-1.181,-0.038,0.339
607,10.963,-0.302,347.778,-75.762,-157.883,-56.453,-13.357,-4.99,295.767,-232.013,113.408,29.842,-1.122,-0.552,0.929,-1.976,-1.103,-1.207,-0.039,0.335
608,11.067,-0.271,348.198,-72.694,-159.616,-58.912,-12.88,-5.033,295.767,-232.013,113.408,25.65,-1.133,-0.53,0.931,-1.976,-1.116,-1.194,-0.04,0.33
609,10.974,-0.305,347.778,-75.762,-157.883,-59.957,-13.403,-5.082,295.767,-232.013,113.408,28.077,-1.122,-0.552,0.929,-1.975,-1.103,-1.206,-0.041,0.326
610,10.698,-0.265,347.778,-75.762,-157.883,-59.554,-13.18,-4.72,295.767,-232.013,113.408,30.615,-1.122,-0.553,0.93,-1.977,-1.103,-1.207,-0.042,0.322
611,10.883,-0.578,347.778,-75.762,-157.883,-58.624,-13.317,-5.129,295.767,-232.013,113.408,28.442,-1.122,-0.552,0.929,-1.975,-1.103,-1.206,-0.043,0.318
612,11.438,-0.305,347.778,-75.762,-157.883,-55.724,-13.31,-5.48,295.767,-232.013,113.408,27.736,-1.12,-0.552,0.929,-1.974,-1.102,-1.206,-0.044,0.315
613,10.533,-0.43,348.65,-69.462,-157.79,-55.253,-13.226,-5.029,295.339,-235.072,111.658,29.171,-1.119,-0.505,0.916,-2.005,-1.132,-1.193,-0.044,0.311
614,11.364,-0.45,348.198,-72.694,-159.616,-60.643,-12.958,-4.817,295.767,-232.013,113.408,27.458,-1.132,-0.529,0.931,-1.976,-1.115,-1.194,-0.045,0.308
615,11.068,-0.402,348.65,-69.462,-157.79,-59.988,-12.961,-4.95,294.885,-225.714,113.596,27.057,-1.118,-0.505,0.935,-1.928,-1.132,-1.157,-0.046,0.305
616,11.102,-0.394,348.198,-72.694,-159.616,-56.026,-12.968,-4.908,294.885,-225.714,113.596,27.4,-1.133,-0.529,0.935,-1.928,-1.132,-1.17,-0.047,0.302
617,11.099,-0.401,348.65,-69.462,-157.79,-60.351,-13.06,-4.909,294.885,-225.714,113.596,25.958,-1.118,-0.505,0.935,-1.928,-1.132,-1.157,-0.047,0.299
618,11.175,-0.464,348.65,-69.462,-157.79,-58.063,-12.778,-4.858,295.348,-229.029,111.719,24.954,-1.118,-0.505,0.918,-1.953,-1.13,-1.169,-0.048,0.297
619,10.572,-0.598,348.65,-69.462,-157.79,-62.572,-13.014,-4.673,294.885,-225.714,113.596,24.549,-1.119,-0.504,0.935,-1.929,-1.133,-1.157,-0.049,0.294
620,10.923,-0.262,348.23,-72.53,-156.057,-54.98,-13.063,-4.851,294.443,-228.892,115.399,29.214,-1.107,-0.528,0.952,-1.958,-1.12,-1.183,-0.049,0.292
621,10.851,-0.176,348.65,-69.462,-157.79,-59.998,-13.101,-4.771,294.421,-222.398,115.472,25.304,-1.119,-0.506,0.952,-1.903,-1.134,-1.145,-0.05,0.29
622,10.976,-0.316,348.664,-69.537,-154.247,-60.014,-13.184,-4.681,294.457,-228.772,111.845,29.523,-1.092,-0.506,0.92,-1.958,-1.134,-1.17,-0.051,0.289
623,10.885,-0.399,348.65,-69.462,-157.79,-55.066,-13.14,-4.68,294.457,-228.772,111.845,27.74,-1.118,-0.505,0.921,-1.958,-1.148,-1.17,-0.051,0.287
624,11.091,-0.009,347.768,-69.579,-157.861,-54.293,-13.144,-5.228,294.885,-225.714,113.596,28.371,-1.121,-0.508,0.934,-1.927,-1.119,-1.159,-0.052,0.285
625,10.875,-0.353,348.198,-72.694,-159.616,-59.54,-13.006,-5.038,295.348,-229.029,111.719,30.984,-1.133,-0.529,0.917,-1.953,-1.131,-1.183,-0.052,0.284
626,10.98,-0.058,348.22,-66.347,-156.036,-57.971,-13.142,-4.721,295.348,-229.029,111.719,28.089,-1.107,-0.484,0.917,-1.954,-1.117,-1.158,-0.053,0.283
627,10.744,-0.305,348.65,-69.462,-157.79,-56.211,-13.319,-4.948,294.885,-225.714,113.596,29.181,-1.119,-0.505,0.934,-1.928,-1.133,-1.157,-0.054,0.282
628,11.106,-0.208,348.22,-66.347,-156.036,-57.488,-13.319,-4.774,295.767,-232.013,113.408,27.715,-1.106,-0.483,0.929,-1.977,-1.102,-1.169,-0.054,0.281
629,11.059,-0.488,348.22,-66.347,-156.036,-58.553,-13.134,-5.348,295.767,-232.013,113.408,29.526,-1.107,-0.483,0.93,-1.975,-1.102,-1.168,-0.055,0.28
630,10.809,-0.04,348.65,-69.462,-157.79,-54.926,-12.78,-5.44,295.303,-228.698,115.285,29.583,-1.119,-0.506,0.949,-1.949,-1.117,-1.168,-0.055,0.279
631,10.746,-0.311,348.65,-69.462,-157.79,-58.343,-13.27,-5.04,295.303,-228.698,115.285,28.793,-1.119,-0.505,0.947,-1.95,-1.118,-1.168,-0.055,0.278
632,10.869,-0.309,347.775,-63.157,-157.824,-53.702,-13.226,-5.038,295.348,-229.029,111.719,30.603,-1.122,-0.46,0.916,-1.953,-1.117,-1.146,-0.056,0.278
633,10.579,-0.042,348.22,-66.347,-156.036,-59.696,-12.82,-4.893,296.208,-228.835,111.604,27.148,-1.108,-0.484,0.914,-1.946,-1.101,-1.156,-0.056,0.277
634,10.709,-0.211,348.65,-69.462,-157.79,-57.765,-13.009,-5.364,295.303,-228.698,115.285,28.41,-1.119,-0.505,0.948,-1.949,-1.118,-1.167,-0.056,0.277
635,10.89,-0.262,348.22,-66.347,-156.036,-54.505,-12.872,-4.955,294.885,-225.714,113.596,29.2,-1.107,-0.483,0.935,-1.928,-1.119,-1.145,-0.056,0.276
636,10.964,-0.311,348.23,-72.53,-156.057,-56.507,-12.962,-5.038,295.348,-229.029,111.719,29.92,-1.107,-0.528,0.917,-1.953,-1.117,-1.182,-0.057,0.276
637,10.589,-0.3,348.65,-69.462,-157.79,-58.145,-13.229,-4.721,294.885,-225.714,113.596,28.806,-1.119,-0.505,0.934,-1.928,-1.133,-1.157,-0.057,0.276
638,11.069,-0.443,348.222,-78.952,-156.094,-58.224,-13.322,-4.948,294.885,-225.714,113.596,26.294,-1.107,-0.575,0.934,-1.928,-1.119,-1.195,-0.057,0.276
639,11.152,-0.74,349.525,-75.767,-157.756,-59.262,-13.129,-4.807,295.348,-229.029,111.719,33.83,-1.115,-0.548,0.917,-1.954,-1.145,-1.192,-0.057,0.276
640,11.136,-0.676,349.525,-75.767,-157.756,-57.962,-13.37,-4.687,294.885,-225.714,113.596,25.208,-1.115,-0.549,0.934,-1.928,-1.147,-1.18,-0.057,0.275
641,10.843,-0.521,349.073,-78.999,-159.582,-59.887,-13.505,-4.637,294.421,-222.398,115.472,29.444,-1.13,-0.573,0.951,-1.903,-1.149,-1.182,-0.058,0.275
642,11.153,-0.566,348.653,-82.067,-157.849,-52.393,-13.057,-4.821,294.025,-225.907,113.71,28.058,-1.118,-0.596,0.938,-1.935,-1.149,-1.209,-0.058,0.275
643,11.413,-0.588,348.653,-82.067,-157.849,-60.11,-13.018,-5.273,293.575,-222.472,112.033,24.818,-1.117,-0.596,0.925,-1.907,-1.164,-1.195,-0.058,0.275
644,11.143,-1.072,349.097,-85.256,-156.06,-55.522,-13.314,-5.038,294.466,-222.729,111.906,30.608,-1.104,-0.617,0.921,-1.904,-1.148,-1.206,-0.059,0.274
645,11.123,-0.9,349.527,-88.371,-157.815,-55.415,-13.33,-5.213,293.575,-222.472,112.033,30.577,-1.115,-0.64,0.924,-1.907,-1.179,-1.218,-0.059,0.274
646,11.229,-0.784,349.097,-85.256,-156.06,-49.874,-13.281,-5,294.002,-219.414,113.783,31.988,-1.103,-0.618,0.938,-1.879,-1.149,-1.194,-0.06,0.273
647,11.37,-0.616,348.653,-82.067,-157.849,-55.13,-13.057,-5.174,294.002,-219.414,113.783,28.86,-1.117,-0.596,0.939,-1.878,-1.149,-1.183,-0.061,0.273
648,11.203,-0.925,348.653,-82.067,-157.849,-59.016,-12.974,-5.351,294.002,-219.414,113.783,31.651,-1.118,-0.595,0.939,-1.878,-1.149,-1.182,-0.061,0.272
649,11.189,-0.752,348.653,-82.067,-157.849,-56.218,-13.006,-4.989,294.466,-222.729,111.906,28.536,-1.118,-0.596,0.922,-1.904,-1.147,-1.195,-0.062,0.272
650,11.194,-0.799,348.653,-82.067,-157.849,-50.942,-12.971,-4.635,294.002,-219.414,113.783,27.393,-1.118,-0.596,0.939,-1.88,-1.149,-1.183,-0.062,0.272
651,11.163,-0.517,349.525,-75.767,-157.756,-54.52,-13.321,-4.911,294.885,-225.714,113.596,28.016,-1.115,-0.549,0.934,-1.928,-1.146,-1.18,-0.063,0.271
652,11.295,-0.522,348.23,-72.53,-156.057,-52.308,-13.14,-5.096,294.908,-219.551,110.102,28.068,-1.106,-0.528,0.904,-1.874,-1.132,-1.145,-0.064,0.271
653,11.399,-0.453,348.643,-75.884,-157.827,-52.114,-13.361,-5.142,295.312,-222.655,115.346,28.01,-1.117,-0.552,0.947,-1.898,-1.117,-1.169,-0.064,0.271
654,11.116,-0.583,348.198,-72.694,-159.616,-61.018,-12.963,-4.96,295.312,-222.655,115.346,31.273,-1.133,-0.529,0.949,-1.898,-1.117,-1.157,-0.065,0.271
655,11.369,-0.322,349.094,-72.652,-156.002,-57.636,-12.87,-4.778,295.754,-219.477,113.542,29.179,-1.103,-0.528,0.932,-1.869,-1.115,-1.143,-0.065,0.27
656,10.898,-0.168,348.23,-72.53,-156.057,-57.311,-13.051,-4.855,296.181,-216.419,115.293,29.233,-1.107,-0.529,0.945,-1.84,-1.087,-1.131,-0.066,0.27
657,11.409,-0.8,348.643,-75.884,-157.827,-57.717,-13.143,-4.689,295.754,-219.477,113.542,29.859,-1.117,-0.551,0.931,-1.869,-1.115,-1.156,-0.066,0.271
658,11.021,-0.416,347.778,-75.762,-157.883,-58.131,-12.872,-4.276,295.754,-219.477,113.542,32.468,-1.122,-0.552,0.932,-1.871,-1.102,-1.158,-0.066,0.271
659,10.977,-1.002,347.778,-75.762,-157.883,-53.661,-13.363,-4.688,295.754,-219.477,113.542,28.061,-1.122,-0.55,0.93,-1.869,-1.103,-1.157,-0.066,0.271
660,10.813,-0.524,348.22,-66.347,-156.036,-53.208,-13.316,-5.045,295.754,-219.477,113.542,31.251,-1.107,-0.482,0.931,-1.868,-1.103,-1.119,-0.066,0.271
661,11.19,-0.045,348.22,-66.347,-156.036,-58.3,-13.225,-5.133,296.181,-216.419,115.293,24.209,-1.106,-0.484,0.945,-1.839,-1.087,-1.107,-0.066,0.272
662,10.89,-0.338,347.324,-66.389,-159.65,-59.396,-13.368,-4.734,295.754,-219.477,113.542,29.086,-1.136,-0.485,0.93,-1.869,-1.102,-1.121,-0.066,0.272
663,11.24,-0.096,347.324,-66.389,-159.65,-61.498,-12.923,-4.825,296.181,-216.419,115.293,29.889,-1.135,-0.485,0.946,-1.84,-1.086,-1.109,-0.066,0.273
664,10.535,-0.136,347.355,-66.226,-156.091,-58.457,-13.274,-4.948,295.754,-219.477,113.542,28.097,-1.111,-0.484,0.931,-1.868,-1.089,-1.121,-0.065,0.274
665,11.159,-0.14,346.449,-60.084,-159.684,-60.608,-13.455,-4.679,296.623,-213.241,113.489,28.096,-1.139,-0.44,0.927,-1.81,-1.072,-1.072,-0.065,0.275
666,10.887,-0.188,346.449,-60.084,-159.684,-58.118,-13.1,-4.777,296.181,-216.419,115.293,29.571,-1.139,-0.44,0.945,-1.84,-1.073,-1.085,-0.065,0.276
667,11.203,-0.102,346.901,-56.853,-157.858,-62.721,-13.319,-4.905,296.623,-213.241,113.489,27.409,-1.124,-0.416,0.927,-1.81,-1.071,-1.058,-0.064,0.277
668,10.668,-0.486,346.901,-56.853,-157.858,-57.44,-13.01,-5.001,296.181,-216.419,115.293,34.153,-1.125,-0.415,0.945,-1.839,-1.073,-1.071,-0.063,0.278
669,10.838,-0.235,346.449,-60.084,-159.684,-59.631,-13.276,-4.782,296.181,-216.419,115.293,30.887,-1.14,-0.44,0.944,-1.84,-1.073,-1.085,-0.062,0.28
670,10.886,-0.247,346.47,-53.738,-156.104,-57.278,-13.581,-4.908,296.6,-219.404,116.982,30.188,-1.113,-0.393,0.956,-1.863,-1.045,-1.071,-0.062,0.282
671,10.756,-0.182,346.47,-53.738,-156.104,-55.693,-13.265,-4.637,297.468,-213.167,116.928,30.004,-1.113,-0.393,0.954,-1.805,-1.028,-1.045,-0.061,0.283
672,10.914,-0.557,346.05,-56.806,-154.371,-57.157,-13.233,-4.812,297.932,-216.483,115.052,28.867,-1.102,-0.415,0.937,-1.83,-1.013,-1.07,-0.059,0.285
673,11.208,-0.004,345.574,-53.78,-159.718,-60.572,-13.134,-4.823,297.932,-216.483,115.052,32.435,-1.142,-0.395,0.937,-1.83,-1.025,-1.059,-0.058,0.287
674,10.899,-0.197,345.595,-47.433,-156.138,-56.073,-13.317,-4.86,297.932,-216.483,115.052,27.089,-1.116,-0.348,0.937,-1.829,-1.012,-1.034,-0.057,0.289
675,11.465,-0.335,346.04,-50.623,-154.349,-61.131,-13.105,-5.222,297.468,-213.167,116.928,26.67,-1.1,-0.371,0.955,-1.803,-1.013,-1.033,-0.055,0.292
676,11.19,-0.294,344.731,-47.312,-156.194,-59.265,-13.232,-4.818,297.887,-216.152,118.618,28.836,-1.119,-0.348,0.967,-1.827,-0.985,-1.033,-0.053,0.294
677,10.891,0.102,345.151,-44.243,-157.927,-61.158,-13.263,-5.266,298.778,-216.409,118.491,25.624,-1.131,-0.326,0.963,-1.822,-0.982,-1.02,-0.051,0.297
678,11.555,-0.207,345.595,-47.433,-156.138,-59.97,-13.325,-4.78,298.374,-213.305,113.248,29.916,-1.114,-0.348,0.92,-1.8,-1.01,-1.021,-0.049,0.299
679,10.803,0.028,345.595,-47.433,-156.138,-57.101,-13.183,-5.081,298.778,-216.409,118.491,29.257,-1.116,-0.349,0.964,-1.823,-0.982,-1.032,-0.047,0.302
680,10.802,-0.196,344.721,-41.128,-156.172,-56.079,-13.541,-5.128,298.778,-216.409,118.491,29.545,-1.12,-0.302,0.962,-1.823,-0.969,-1.008,-0.045,0.305
681,10.883,-0.016,345.595,-47.433,-156.138,-60.358,-13.404,-5.038,299.22,-213.231,116.688,31.401,-1.116,-0.349,0.946,-1.793,-0.981,-1.019,-0.042,0.308
682,10.579,0.068,345.151,-44.243,-157.927,-57.784,-13.495,-4.771,299.22,-213.231,116.688,29.907,-1.132,-0.326,0.946,-1.794,-0.982,-1.008,-0.039,0.311
683,10.697,0.191,345.151,-44.243,-157.927,-55.695,-13.186,-4.955,299.22,-213.231,116.688,27.48,-1.131,-0.326,0.947,-1.794,-0.981,-1.008,-0.037,0.314
684,10.623,0.048,345.172,-37.897,-154.346,-61.065,-13.629,-4.777,298.36,-213.424,116.802,28.786,-1.105,-0.279,0.949,-1.801,-0.984,-0.985,-0.034,0.317
685,11.025,0.152,345.151,-44.243,-157.927,-57.137,-13.729,-4.998,298.338,-206.931,116.875,26.312,-1.13,-0.326,0.949,-1.745,-0.998,-0.984,-0.031,0.32
686,10.753,-0.106,345.165,-44.318,-154.383,-59.111,-13.189,-5.045,298.338,-206.931,116.875,30.302,-1.105,-0.326,0.951,-1.745,-0.983,-0.984,-0.028,0.324
687,10.778,0.199,345.165,-44.318,-154.383,-54.626,-13.546,-4.82,297.896,-210.109,118.679,29.858,-1.105,-0.327,0.967,-1.775,-0.985,-0.998,-0.026,0.327
688,10.494,-0.165,344.3,-44.197,-154.439,-62.404,-13.718,-4.679,297.432,-206.794,120.556,26.682,-1.109,-0.326,0.984,-1.75,-0.974,-0.986,-0.023,0.331
689,10.499,-0.08,344.721,-41.128,-156.172,-63,-13.41,-4.901,297.432,-206.794,120.556,28.135,-1.12,-0.303,0.985,-1.75,-0.987,-0.973,-0.02,0.334
690,10.317,-0.168,344.721,-41.128,-156.172,-58.046,-13.644,-4.69,297.432,-206.794,120.556,28.775,-1.121,-0.303,0.984,-1.75,-0.988,-0.973,-0.017,0.338
691,10.755,-0.074,344.721,-41.128,-156.172,-60.194,-13.445,-4.55,297.896,-210.109,118.679,27.792,-1.12,-0.303,0.967,-1.776,-0.985,-0.986,-0.014,0.341
692,10.355,-0.247,344.721,-41.128,-156.172,-61.279,-13.371,-4.995,297.432,-206.794,120.556,26.337,-1.121,-0.302,0.985,-1.749,-0.987,-0.973,-0.011,0.345
693,10.415,0.028,344.721,-41.128,-156.172,-55.172,-13.637,-5.126,298.338,-206.931,116.875,34.524,-1.121,-0.303,0.95,-1.745,-0.985,-0.972,-0.008,0.349
694,10.804,-0.179,343.849,-47.428,-156.265,-59.407,-13.77,-5.131,298.338,-206.931,116.875,28.461,-1.123,-0.35,0.949,-1.745,-0.97,-0.998,-0.005,0.352
695,10.56,-0.061,344.721,-41.128,-156.172,-61.152,-13.451,-5.125,298.314,-213.094,120.368,29.545,-1.12,-0.303,0.98,-1.797,-0.971,-0.996,-0.003,0.356
696,10.574,-0.387,344.3,-44.197,-154.439,-59.991,-13.283,-5.182,299.183,-206.857,120.315,31.329,-1.109,-0.325,0.977,-1.739,-0.94,-0.982,0,0.359
697,10.282,0.147,344.3,-44.197,-154.439,-56.577,-13.808,-5.394,299.647,-210.173,118.438,28.864,-1.11,-0.326,0.958,-1.764,-0.94,-0.995,0.003,0.363
698,10.655,-0.23,344.29,-38.013,-154.417,-60.01,-13.268,-5.352,298.778,-216.409,118.491,32.094,-1.108,-0.28,0.963,-1.822,-0.955,-0.996,0.006,0.366
699,10.451,-0.084,344.721,-41.128,-156.172,-57.756,-13.716,-5.397,299.647,-210.173,118.438,28.86,-1.121,-0.303,0.959,-1.764,-0.953,-0.982,0.009,0.37
700,10.856,0.207,344.721,-41.128,-156.172,-60.085,-13.198,-5.626,298.756,-209.916,118.564,25.648,-1.119,-0.304,0.964,-1.766,-0.968,-0.983,0.012,0.373
701,10.703,-0.148,344.721,-41.128,-156.172,-60.696,-13.901,-5.137,299.183,-206.857,120.315,30.184,-1.12,-0.303,0.975,-1.739,-0.955,-0.97,0.015,0.376
702,10.541,-0.106,344.3,-44.197,-154.439,-58.092,-13.76,-4.998,298.756,-209.916,118.564,28.833,-1.109,-0.326,0.962,-1.768,-0.956,-0.996,0.018,0.38
703,10.495,-0.02,345.165,-44.318,-154.383,-61.793,-13.454,-4.995,298.338,-206.931,116.875,32.023,-1.106,-0.326,0.95,-1.745,-0.984,-0.984,0.021,0.383
704,10.829,-0.132,344.29,-38.013,-154.417,-61.276,-13.542,-5.128,298.756,-209.916,118.564,26.681,-1.108,-0.28,0.963,-1.768,-0.955,-0.971,0.023,0.386
705,10.627,-0.125,345.595,-47.433,-156.138,-60.237,-13.372,-5.492,298.756,-209.916,118.564,28.101,-1.117,-0.348,0.964,-1.766,-0.983,-1.006,0.026,0.389
706,10.717,-0.222,345.165,-44.318,-154.383,-61.082,-13.55,-5.184,298.314,-213.094,120.368,30.527,-1.105,-0.325,0.98,-1.797,-0.971,-1.008,0.029,0.392
707,10.488,-0.154,346.047,-44.201,-154.312,-58.748,-13.271,-5.271,298.778,-216.409,118.491,27.037,-1.102,-0.324,0.963,-1.822,-0.983,-1.018,0.031,0.395
708,10.544,-0.375,345.595,-47.433,-156.138,-57.463,-13.365,-5.088,298.36,-213.424,116.802,30.625,-1.117,-0.348,0.95,-1.8,-0.998,-1.021,0.034,0.397
709,10.942,0.16,345.595,-47.433,-156.138,-59.826,-13.541,-5.083,298.756,-209.916,118.564,26.352,-1.116,-0.349,0.963,-1.768,-0.983,-1.007,0.036,0.4
710,10.573,-0.31,345.175,-50.501,-154.405,-57.205,-13.594,-4.682,297.896,-210.109,118.679,27.741,-1.106,-0.371,0.967,-1.776,-0.986,-1.022,0.038,0.402
711,10.412,0.216,345.165,-44.318,-154.383,-60.758,-12.965,-4.914,297.896,-210.109,118.679,27.449,-1.106,-0.327,0.969,-1.775,-0.985,-0.998,0.04,0.405
712,10.752,-0.323,345.595,-47.433,-156.138,-59.596,-13.459,-4.995,298.338,-206.931,116.875,29.932,-1.117,-0.348,0.95,-1.745,-0.998,-0.995,0.042,0.407
713,10.709,0.238,345.595,-47.433,-156.138,-57.476,-13.098,-4.69,297.896,-210.109,118.679,28.849,-1.117,-0.349,0.968,-1.776,-0.999,-1.01,0.044,0.409
714,10.587,0.244,345.151,-44.243,-157.927,-57.729,-13.275,-4.999,297.468,-213.167,116.928,28.498,-1.132,-0.326,0.954,-1.804,-1.014,-1.01,0.046,0.411
715,10.799,0.141,344.721,-41.128,-156.172,-60.97,-13.054,-4.905,297.005,-209.852,118.805,32.533,-1.12,-0.303,0.973,-1.778,-1.001,-0.986,0.048,0.413
716,10.94,0.196,345.595,-47.433,-156.138,-57.527,-13.316,-4.913,297.478,-207.124,116.99,30.269,-1.116,-0.349,0.955,-1.752,-1.013,-0.998,0.049,0.415
717,10.994,-0.272,345.595,-47.433,-156.138,-61.481,-13.577,-5.084,297.05,-210.183,115.239,33.113,-1.116,-0.348,0.94,-1.78,-1.029,-1.01,0.051,0.416
718,10.618,-0.111,346.047,-44.201,-154.312,-58.181,-13.772,-5.09,297.478,-207.124,116.99,28.071,-1.102,-0.324,0.953,-1.752,-1.015,-0.984,0.052,0.418
719,10.945,-0.326,345.595,-47.433,-156.138,-60.139,-13.548,-5.408,297.014,-203.809,118.866,30.942,-1.116,-0.348,0.971,-1.725,-1.015,-0.984,0.053,0.42
720,10.976,-0.422,346.047,-44.201,-154.312,-60.731,-13.284,-5.096,296.586,-206.867,117.116,28.462,-1.101,-0.323,0.959,-1.755,-1.03,-0.984,0.054,0.421
721,10.668,-0.031,346.468,-41.133,-156.045,-59.864,-13.359,-4.953,297.468,-213.167,116.928,31.002,-1.113,-0.301,0.954,-1.804,-1.028,-0.995,0.055,0.423
722,10.651,-0.172,346.898,-44.248,-157.8,-61.813,-13.447,-5.27,297.468,-213.167,116.928,32.77,-1.125,-0.323,0.954,-1.803,-1.042,-1.006,0.055,0.424
723,10.763,-0.236,346.468,-41.133,-156.045,-58.76,-13.405,-5.443,297.896,-210.109,118.679,35.275,-1.113,-0.301,0.967,-1.773,-1.013,-0.982,0.056,0.426
724,10.761,-0.513,346.016,-44.365,-157.871,-63.088,-13.503,-5.547,297.432,-206.794,120.556,33.04,-1.128,-0.324,0.985,-1.748,-1.014,-0.982,0.056,0.427
725,10.965,-0.165,346.468,-41.133,-156.045,-60.628,-13.321,-5.584,297.896,-210.109,118.679,28.523,-1.112,-0.301,0.968,-1.773,-1.012,-0.982,0.057,0.429
726,10.534,-0.099,346.468,-41.133,-156.045,-60.231,-13.405,-5.717,297.468,-213.167,116.928,33.089,-1.114,-0.301,0.954,-1.801,-1.028,-0.994,0.057,0.43
727,10.931,-0.191,346.874,-37.99,-161.321,-59.191,-13.319,-5.452,297.446,-206.674,117.001,33.063,-1.15,-0.278,0.955,-1.747,-1.055,-0.956,0.057,0.432
728,10.761,-0.155,346.468,-41.133,-156.045,-60.851,-13.584,-5.449,297.05,-210.183,115.239,33.073,-1.113,-0.301,0.94,-1.779,-1.043,-0.983,0.057,0.433
729,11.071,-0.234,346.468,-41.133,-156.045,-62.794,-13.139,-5.764,297.478,-207.124,116.99,30.6,-1.112,-0.301,0.955,-1.749,-1.027,-0.97,0.057,0.434
730,10.587,-0.109,346.468,-41.133,-156.045,-63.298,-13.501,-5.449,296.586,-206.867,117.116,31.644,-1.114,-0.301,0.958,-1.753,-1.045,-0.971,0.057,0.436
731,10.721,-0.184,346.468,-41.133,-156.045,-58.84,-13.378,-5.77,296.586,-206.867,117.116,33.747,-1.113,-0.301,0.958,-1.752,-1.044,-0.97,0.057,0.437
732,10.887,-0.032,346.888,-38.065,-157.778,-56.11,-13.22,-5.321,296.586,-206.867,117.116,28.451,-1.124,-0.279,0.959,-1.754,-1.057,-0.959,0.057,0.438
733,11.166,-0.185,346.898,-44.248,-157.8,-58.107,-13.241,-5.453,296.586,-206.867,117.116,31.645,-1.123,-0.323,0.959,-1.753,-1.057,-0.983,0.056,0.44
734,10.767,-0.411,346.888,-38.065,-157.778,-58.899,-13.189,-5.454,296.586,-206.867,117.116,29.897,-1.124,-0.278,0.959,-1.753,-1.058,-0.958,0.056,0.441
735,11.076,0.041,346.454,-41.058,-159.588,-58.499,-13.505,-5.28,295.704,-200.568,117.303,33.036,-1.138,-0.301,0.962,-1.705,-1.074,-0.948,0.055,0.442
736,10.85,-0.501,346.888,-38.065,-157.778,-57.457,-13.291,-5.234,296.168,-203.883,115.427,28.073,-1.124,-0.277,0.945,-1.731,-1.072,-0.947,0.054,0.444
737,10.98,-0.549,346.888,-38.065,-157.778,-61.012,-13.501,-5.271,295.704,-200.568,117.303,32.322,-1.124,-0.277,0.962,-1.705,-1.074,-0.934,0.054,0.445
738,10.894,-0.556,347.34,-34.833,-155.952,-63.18,-13.111,-5.195,296.132,-197.509,119.054,26.281,-1.109,-0.253,0.977,-1.677,-1.059,-0.908,0.053,0.447
739,11.071,-0.275,347.739,-38.112,-161.266,-64.56,-13.281,-5.364,296.596,-200.825,117.177,31.307,-1.146,-0.278,0.959,-1.702,-1.084,-0.933,0.052,0.448
740,10.831,0.128,346.444,-34.875,-159.567,-67.748,-12.93,-5.049,296.168,-203.883,115.427,26.724,-1.139,-0.256,0.947,-1.732,-1.072,-0.936,0.051,0.45
741,10.989,-0.658,346.444,-34.875,-159.567,-61.941,-13.243,-4.786,296.55,-200.494,120.743,29.149,-1.138,-0.254,0.99,-1.701,-1.044,-0.921,0.049,0.452
742,10.929,-0.196,347.316,-28.575,-159.474,-59.9,-13.412,-5.042,296.168,-203.883,115.427,27.762,-1.135,-0.208,0.945,-1.732,-1.086,-0.91,0.048,0.453
743,10.658,0.05,346.864,-31.807,-161.3,-65.616,-13.434,-4.79,297.037,-197.647,115.373,30.551,-1.151,-0.233,0.942,-1.674,-1.07,-0.898,0.047,0.455
744,10.844,-0.287,347.316,-28.575,-159.474,-63.449,-13.064,-5.355,297.037,-197.647,115.373,31.049,-1.135,-0.208,0.943,-1.672,-1.069,-0.883,0.046,0.457
745,10.925,0.107,346.013,-31.76,-157.812,-62.449,-13.373,-5.09,296.596,-200.825,117.177,29.174,-1.127,-0.233,0.959,-1.703,-1.043,-0.912,0.045,0.459
746,10.764,-0.421,347.316,-28.575,-159.474,-58.817,-13.412,-4.914,296.596,-200.825,117.177,33.08,-1.135,-0.208,0.959,-1.703,-1.071,-0.897,0.043,0.461
747,11.294,0.321,347.76,-31.765,-157.685,-64.129,-13.199,-4.912,296.132,-197.509,119.054,31.325,-1.119,-0.233,0.977,-1.678,-1.072,-0.897,0.042,0.463
748,10.763,-0.034,347.316,-28.575,-159.474,-62.03,-13.612,-4.829,296.132,-197.509,119.054,27.334,-1.135,-0.209,0.976,-1.678,-1.073,-0.885,0.041,0.465
749,11.468,0.471,348.181,-28.697,-159.418,-60.97,-13.779,-4.692,296.573,-194.331,117.25,29.105,-1.13,-0.211,0.958,-1.649,-1.084,-0.872,0.039,0.468
750,10.678,-0.194,348.642,-31.648,-157.614,-60.62,-13.51,-4.875,296.132,-197.509,119.054,26.985,-1.118,-0.23,0.976,-1.678,-1.087,-0.895,0.038,0.47
751,10.946,-0.068,348.181,-28.697,-159.418,-60.952,-13.214,-4.474,294.822,-194.268,117.491,31.982,-1.132,-0.209,0.968,-1.659,-1.118,-0.874,0.037,0.472
752,10.942,0.307,348.181,-28.697,-159.418,-62.136,-13.513,-5.01,295.25,-191.209,119.241,31.555,-1.132,-0.21,0.98,-1.628,-1.103,-0.861,0.035,0.475
753,11.019,0.066,348.181,-28.697,-159.418,-63.35,-13.561,-4.735,295.25,-191.209,119.241,32.672,-1.131,-0.21,0.98,-1.629,-1.103,-0.861,0.034,0.477
754,11.611,0.031,348.181,-28.697,-159.418,-61.37,-13.378,-4.507,295.25,-191.209,119.241,32.353,-1.13,-0.209,0.981,-1.63,-1.101,-0.861,0.032,0.48
755,10.986,0.567,348.632,-25.465,-157.592,-59.244,-13.299,-4.74,294.822,-194.268,117.491,27.679,-1.117,-0.187,0.968,-1.658,-1.118,-0.861,0.03,0.482
756,10.853,0.043,348.632,-25.465,-157.592,-58.037,-13.472,-4.598,294.404,-191.283,115.801,32.327,-1.117,-0.186,0.954,-1.635,-1.133,-0.849,0.028,0.485
757,11.248,0.075,348.188,-22.275,-159.381,-60.273,-13.12,-4.471,294.368,-184.909,119.428,29.176,-1.13,-0.163,0.986,-1.58,-1.118,-0.812,0.026,0.488
758,10.79,-0.172,348.188,-22.275,-159.381,-62.833,-13.31,-4.699,293.94,-187.968,117.678,31.524,-1.132,-0.162,0.972,-1.608,-1.134,-0.824,0.025,0.491
759,11.07,0.288,348.632,-25.465,-157.592,-59.871,-13.337,-4.332,293.94,-187.968,117.678,32.703,-1.117,-0.186,0.972,-1.61,-1.134,-0.837,0.023,0.494
760,11.306,-0.105,348.632,-25.465,-157.592,-61.992,-13.124,-4.56,294.832,-188.225,117.552,33.44,-1.116,-0.185,0.969,-1.606,-1.116,-0.836,0.02,0.497
761,10.957,0.185,348.188,-22.275,-159.381,-60.102,-12.899,-4.917,294.832,-188.225,117.552,25.956,-1.131,-0.163,0.969,-1.605,-1.117,-0.824,0.018,0.5
762,10.672,0.115,348.619,-25.39,-161.136,-59.546,-13.223,-4.783,294.368,-184.909,119.428,30.272,-1.144,-0.185,0.986,-1.579,-1.133,-0.824,0.016,0.503
763,11.113,0.022,348.188,-22.275,-159.381,-56.141,-13.518,-4.609,294.358,-190.952,119.367,31.93,-1.131,-0.163,0.985,-1.632,-1.119,-0.836,0.014,0.506
764,10.762,0.199,348.608,-19.207,-161.114,-62.221,-13.428,-5.05,294.404,-191.283,115.801,33.375,-1.143,-0.141,0.954,-1.633,-1.147,-0.824,0.012,0.51
765,10.696,0.357,348.632,-25.465,-157.592,-62.162,-13.158,-4.826,295.25,-191.209,119.241,32.357,-1.118,-0.187,0.982,-1.629,-1.103,-0.848,0.01,0.513
766,10.897,0.378,348.632,-25.465,-157.592,-60.653,-13.433,-4.698,295.25,-191.209,119.241,32.694,-1.117,-0.187,0.981,-1.629,-1.103,-0.848,0.008,0.516
767,11.232,-0.127,349.053,-22.397,-159.325,-61.276,-13.61,-5.275,294.822,-194.268,117.491,32.237,-1.127,-0.163,0.967,-1.656,-1.131,-0.846,0.005,0.519
768,10.921,-0.206,349.063,-28.58,-159.347,-62.838,-12.985,-4.559,294.786,-187.894,121.118,30.968,-1.128,-0.207,1,-1.604,-1.117,-0.847,0.003,0.522
769,11.24,0.028,349.063,-28.58,-159.347,-57.938,-13.393,-4.615,293.94,-187.968,117.678,32.974,-1.127,-0.208,0.972,-1.609,-1.148,-0.848,0.001,0.525
770,11.208,0.1,349.063,-28.58,-159.347,-63.189,-13.431,-4.567,294.368,-184.909,119.428,32.312,-1.128,-0.208,0.985,-1.58,-1.133,-0.836,-0.001,0.528
771,11.231,0.053,349.063,-28.58,-159.347,-56.213,-13.518,-4.784,294.404,-191.283,115.801,29.806,-1.127,-0.208,0.954,-1.634,-1.146,-0.861,-0.003,0.531
772,10.921,-0.51,349.483,-25.512,-161.08,-62.43,-13.435,-4.511,293.94,-187.968,117.678,30.526,-1.14,-0.184,0.972,-1.609,-1.162,-0.835,-0.005,0.534
773,11.154,-0.162,349.063,-28.58,-159.347,-57.255,-13.124,-4.785,293.94,-187.968,117.678,34.534,-1.128,-0.208,0.973,-1.608,-1.147,-0.848,-0.007,0.537
774,11.062,0.174,349.507,-31.77,-157.558,-55.381,-13.302,-4.61,293.94,-187.968,117.678,32.319,-1.114,-0.231,0.972,-1.609,-1.148,-0.861,-0.009,0.539
775,11.025,0.297,349.063,-28.58,-159.347,-58.141,-13.167,-4.61,293.499,-191.146,119.482,32.696,-1.128,-0.209,0.99,-1.639,-1.149,-0.862,-0.012,0.542
776,11.458,0.388,350.358,-31.816,-161.046,-58.214,-13.204,-4.468,293.499,-191.146,119.482,29.147,-1.135,-0.232,0.989,-1.639,-1.176,-0.873,-0.014,0.544
777,10.809,0.054,350.81,-28.585,-159.22,-56.442,-13.258,-4.607,293.499,-191.146,119.482,29.776,-1.122,-0.207,0.989,-1.639,-1.177,-0.859,-0.016,0.547
778,11.287,-0.243,350.81,-28.585,-159.22,-60.5,-13.251,-4.567,293.94,-187.968,117.678,28.717,-1.121,-0.206,0.972,-1.609,-1.175,-0.846,-0.018,0.549
779,11.423,-0.085,350.358,-31.816,-161.046,-58.242,-13.252,-4.56,294.832,-188.225,117.552,31.661,-1.135,-0.23,0.968,-1.606,-1.158,-0.859,-0.021,0.551
780,11.416,0.176,349.937,-34.885,-159.313,-60.293,-13.438,-4.516,293.94,-187.968,117.678,34.765,-1.124,-0.254,0.972,-1.609,-1.161,-0.872,-0.023,0.553
781,11.331,-0.152,350.389,-31.653,-157.487,-63.497,-12.941,-4.827,293.499,-191.146,119.482,30.607,-1.109,-0.229,0.99,-1.638,-1.162,-0.871,-0.026,0.555
782,11.111,-0.146,349.483,-25.512,-161.08,-58.279,-13.475,-4.825,293.499,-191.146,119.482,31.233,-1.139,-0.185,0.989,-1.638,-1.163,-0.848,-0.028,0.557
783,10.995,0.153,349.493,-31.695,-161.102,-60.678,-13.171,-4.875,293.071,-194.204,117.732,32.657,-1.139,-0.231,0.976,-1.667,-1.178,-0.886,-0.03,0.559
784,10.835,0.074,349.063,-28.58,-159.347,-57.83,-12.941,-4.966,293.499,-191.146,119.482,29.502,-1.129,-0.208,0.99,-1.637,-1.149,-0.861,-0.033,0.56
785,11.388,0.032,349.507,-31.77,-157.558,-60.984,-13.166,-5.33,292.653,-191.219,116.042,29.047,-1.113,-0.231,0.963,-1.642,-1.179,-0.874,-0.035,0.562
786,11.143,0.195,348.611,-31.812,-161.173,-61.404,-12.946,-5.141,293.071,-194.204,117.732,28.108,-1.142,-0.232,0.977,-1.666,-1.164,-0.887,-0.037,0.564
787,11.234,0.297,348.611,-31.812,-161.173,-58.44,-12.951,-4.786,292.653,-191.219,116.042,28.748,-1.142,-0.233,0.963,-1.643,-1.179,-0.876,-0.039,0.565
788,11.138,-0.643,349.507,-31.77,-157.558,-58.343,-13.485,-4.916,293.535,-197.519,115.855,29.058,-1.113,-0.229,0.957,-1.693,-1.163,-0.897,-0.042,0.566
789,11.144,-0.055,349.937,-34.885,-159.313,-63.472,-13.256,-4.61,294.404,-191.283,115.801,28.429,-1.125,-0.253,0.955,-1.635,-1.16,-0.884,-0.044,0.567
790,10.964,-0.334,350.368,-38,-161.068,-62.084,-12.898,-5.016,293.071,-194.204,117.732,28.054,-1.136,-0.275,0.977,-1.666,-1.192,-0.908,-0.046,0.568
791,11.192,-0.498,350.368,-38,-161.068,-61.794,-13.073,-5.05,293.963,-194.461,117.605,32.702,-1.136,-0.274,0.972,-1.663,-1.175,-0.908,-0.048,0.569
792,11.197,-0.679,349.937,-34.885,-159.313,-57.743,-12.852,-5.054,294.404,-191.283,115.801,33.777,-1.124,-0.251,0.956,-1.633,-1.159,-0.883,-0.05,0.57
793,11.147,-0.32,349.937,-34.885,-159.313,-58.675,-13.257,-5.018,293.499,-191.146,119.482,27.312,-1.125,-0.252,0.989,-1.637,-1.163,-0.884,-0.053,0.57
794,11.182,-0.034,349.486,-38.116,-161.139,-60.162,-12.986,-5.093,293.963,-194.461,117.605,35.896,-1.139,-0.277,0.972,-1.663,-1.161,-0.91,-0.055,0.571
795,11.199,-0.138,349.937,-34.885,-159.313,-58.317,-13.562,-4.834,293.499,-191.146,119.482,31.183,-1.124,-0.253,0.988,-1.638,-1.163,-0.885,-0.057,0.571
796,11.193,-0.575,349.937,-34.885,-159.313,-60.374,-13.465,-4.871,293.499,-191.146,119.482,36.583,-1.124,-0.252,0.989,-1.638,-1.163,-0.884,-0.058,0.572
797,11.363,0.032,349.041,-34.927,-162.927,-57.665,-13.112,-5.009,293.963,-194.461,117.605,32.755,-1.153,-0.254,0.972,-1.663,-1.161,-0.898,-0.06,0.572
798,10.627,0.344,349.937,-34.885,-159.313,-53.959,-13.117,-4.701,293.535,-197.519,115.855,33.716,-1.126,-0.254,0.958,-1.693,-1.177,-0.911,-0.062,0.572
799,11.077,0.055,349.937,-34.885,-159.313,-56.365,-13.124,-4.696,293.499,-191.146,119.482,32.338,-1.125,-0.253,0.99,-1.638,-1.163,-0.885,-0.064,0.572
800,10.939,0.058,348.611,-31.812,-161.173,-59.354,-13.042,-5.149,293.963,-194.461,117.605,35.119,-1.143,-0.232,0.972,-1.663,-1.147,-0.887,-0.066,0.572
801,10.781,0.254,349.493,-31.695,-161.102,-61.033,-13.109,-5.002,294.404,-191.283,115.801,30.631,-1.14,-0.231,0.955,-1.633,-1.16,-0.872,-0.067,0.572
802,11.342,0.123,349.493,-31.695,-161.102,-57.994,-12.938,-5.413,293.499,-191.146,119.482,31.693,-1.139,-0.231,0.99,-1.636,-1.162,-0.872,-0.069,0.573
803,11.191,0.134,349.507,-31.77,-157.558,-58.19,-13.152,-5.002,293.963,-194.461,117.605,29.558,-1.113,-0.231,0.972,-1.663,-1.147,-0.886,-0.07,0.573
804,10.99,0.04,349.063,-28.58,-159.347,-61.398,-13.156,-5.055,293.963,-194.461,117.605,31.269,-1.128,-0.208,0.972,-1.663,-1.148,-0.873,-0.072,0.573
805,11.509,-0.232,349.041,-34.927,-162.927,-57.263,-13.152,-5.146,294.381,-197.446,119.294,29.859,-1.153,-0.254,0.985,-1.686,-1.146,-0.909,-0.073,0.573
806,11.431,-0.247,348.611,-31.812,-161.173,-58.61,-12.99,-5.505,294.822,-194.268,117.491,27.729,-1.142,-0.231,0.969,-1.655,-1.13,-0.884,-0.074,0.573
807,11.244,-0.008,348.619,-25.39,-161.136,-59.646,-13.469,-5.183,294.394,-197.326,115.74,33.381,-1.142,-0.185,0.953,-1.685,-1.147,-0.872,-0.075,0.573
808,11.784,-0.157,349.041,-34.927,-162.927,-60.053,-13.249,-4.827,294.822,-194.268,117.491,30.265,-1.152,-0.254,0.968,-1.657,-1.144,-0.896,-0.076,0.573
809,11.025,-0.281,348.167,-28.622,-162.961,-55.726,-13.207,-5.135,294.845,-200.761,117.418,30.943,-1.157,-0.208,0.967,-1.712,-1.131,-0.898,-0.077,0.572
810,10.963,-0.12,349.063,-28.58,-159.347,-61.818,-13.33,-5.041,295.286,-197.583,115.614,30.612,-1.128,-0.208,0.95,-1.683,-1.13,-0.884,-0.078,0.572
811,11.107,0.299,348.167,-28.622,-162.961,-60.351,-13.652,-4.83,294.822,-194.268,117.491,31.961,-1.157,-0.21,0.966,-1.657,-1.132,-0.874,-0.079,0.572
812,11.23,-0.258,349.063,-28.58,-159.347,-62.344,-13.555,-5.14,295.286,-197.583,115.614,30.899,-1.127,-0.207,0.949,-1.682,-1.13,-0.883,-0.079,0.572
813,11.367,0.1,347.736,-25.507,-161.207,-61.701,-13.187,-5.091,295.286,-197.583,115.614,36.288,-1.145,-0.187,0.95,-1.683,-1.115,-0.874,-0.08,0.572
814,10.629,0.388,347.316,-28.575,-159.474,-59.189,-13.287,-5.281,295.714,-194.525,117.364,34.883,-1.136,-0.21,0.964,-1.653,-1.088,-0.874,-0.08,0.572
815,11.074,0.243,348.188,-22.275,-159.381,-60.269,-13.284,-4.778,296.573,-194.331,117.25,33.801,-1.131,-0.163,0.96,-1.648,-1.084,-0.846,-0.08,0.572
816,11.198,-0.154,347.316,-28.575,-159.474,-64.46,-13.287,-5.183,296.132,-197.509,119.054,31.3,-1.134,-0.209,0.977,-1.677,-1.072,-0.884,-0.08,0.572
817,11.498,0.013,347.316,-28.575,-159.474,-60.748,-13.28,-5.585,296.573,-194.331,117.25,31.675,-1.133,-0.209,0.96,-1.646,-1.07,-0.871,-0.08,0.572
818,10.965,0.156,347.316,-28.575,-159.474,-59.628,-13.148,-4.653,296.132,-197.509,119.054,34.494,-1.135,-0.209,0.977,-1.679,-1.072,-0.886,-0.08,0.572
819,10.791,0.274,347.316,-28.575,-159.474,-61.295,-13.381,-5.316,296.991,-197.316,118.939,28.113,-1.135,-0.21,0.973,-1.67,-1.056,-0.883,-0.08,0.572
820,11.368,0.199,347.316,-28.575,-159.474,-63.19,-13.377,-5.137,296.991,-197.316,118.939,30.964,-1.134,-0.21,0.973,-1.67,-1.056,-0.883,-0.079,0.572
821,11.061,-0.074,346.895,-31.643,-157.741,-64.93,-13.957,-4.636,297.455,-200.631,117.062,30.262,-1.123,-0.231,0.953,-1.698,-1.042,-0.908,-0.078,0.572
822,11.012,0.025,347.76,-31.765,-157.685,-58.816,-13.333,-4.734,296.991,-197.316,118.939,30.965,-1.12,-0.232,0.973,-1.672,-1.056,-0.895,-0.077,0.572
823,11.02,0.107,346.444,-34.875,-159.567,-60.394,-13.287,-4.823,297.014,-203.809,118.866,28.433,-1.138,-0.256,0.972,-1.727,-1.042,-0.935,-0.076,0.572
824,11.065,0.099,346.895,-31.643,-157.741,-64.171,-13.651,-4.916,296.132,-197.509,119.054,31.205,-1.123,-0.232,0.976,-1.678,-1.059,-0.898,-0.074,0.571
825,10.796,0.059,346.013,-31.76,-157.812,-61.668,-13.428,-5.099,296.132,-197.509,119.054,29.431,-1.127,-0.233,0.976,-1.677,-1.045,-0.899,-0.073,0.571
826,11.141,0.329,347.316,-28.575,-159.474,-63.916,-13.286,-5.136,296.132,-197.509,119.054,33.807,-1.134,-0.21,0.977,-1.677,-1.072,-0.885,-0.072,0.571
827,10.796,-0.303,346.023,-37.943,-157.834,-62.446,-13.061,-4.917,294.822,-194.268,117.491,30.263,-1.128,-0.278,0.968,-1.657,-1.077,-0.912,-0.07,0.57
828,10.806,-0.153,346.885,-25.46,-157.719,-59.849,-13.34,-4.916,295.668,-194.194,120.93,26.701,-1.124,-0.186,0.994,-1.652,-1.06,-0.86,-0.068,0.57
829,11.017,-0.123,346.444,-34.875,-159.567,-64.065,-13.962,-5.226,296.132,-197.509,119.054,27.644,-1.138,-0.255,0.974,-1.677,-1.06,-0.91,-0.067,0.57
830,11.206,-0.163,346.895,-31.643,-157.741,-64.597,-13.779,-4.826,296.573,-194.331,117.25,30.929,-1.123,-0.231,0.958,-1.648,-1.058,-0.884,-0.065,0.569
831,10.711,-0.236,346.864,-31.807,-161.3,-56.337,-13.152,-4.862,295.704,-200.568,117.303,25.648,-1.15,-0.232,0.964,-1.707,-1.088,-0.911,-0.064,0.569
832,11.061,-0.377,346.444,-34.875,-159.567,-59.513,-13.418,-5,296.132,-197.509,119.054,33.071,-1.138,-0.255,0.976,-1.677,-1.059,-0.91,-0.062,0.569
833,10.708,-0.664,346.013,-31.76,-157.812,-60.559,-13.519,-5.408,296.122,-203.552,118.993,31.23,-1.128,-0.231,0.975,-1.728,-1.046,-0.921,-0.06,0.568
834,11.221,-0.384,346.465,-28.528,-155.986,-62.729,-13.988,-5.089,297.014,-203.809,118.866,29.789,-1.111,-0.208,0.97,-1.726,-1.029,-0.909,-0.058,0.568
835,11.119,-0.127,346.465,-28.528,-155.986,-64.168,-13.466,-5.5,297.014,-203.809,118.866,30.908,-1.112,-0.209,0.972,-1.725,-1.028,-0.908,-0.057,0.567
836,10.888,0.094,345.59,-22.224,-156.02,-59.279,-13.329,-4.863,297.432,-206.794,120.556,30.625,-1.115,-0.164,0.985,-1.75,-1,-0.897,-0.055,0.567
837,10.925,0.317,346.455,-22.345,-155.965,-59.272,-13.768,-5.227,297.896,-210.109,118.679,28.394,-1.112,-0.165,0.966,-1.774,-1.013,-0.909,-0.053,0.566
838,10.578,-0.033,346.465,-28.528,-155.986,-61.323,-13.635,-5.184,297.906,-204.066,118.74,30.501,-1.113,-0.209,0.967,-1.723,-1.013,-0.909,-0.051,0.566
839,11.069,0.103,345.59,-22.224,-156.02,-59.223,-13.187,-5.139,297.86,-203.735,122.306,31.006,-1.115,-0.164,0.999,-1.72,-0.984,-0.884,-0.048,0.565
840,10.934,0.307,346.011,-19.155,-157.753,-57.956,-13.23,-5.085,297.432,-206.794,120.556,30.98,-1.127,-0.141,0.985,-1.749,-1.013,-0.885,-0.046,0.565
841,11.199,0.286,346.462,-15.924,-155.928,-58.867,-13.491,-5.54,297.86,-203.735,122.306,32.402,-1.111,-0.118,0.998,-1.719,-0.998,-0.858,-0.044,0.564
842,11.06,0.572,346.011,-19.155,-157.753,-59.025,-13.32,-5.226,297.455,-200.631,117.062,31.378,-1.126,-0.142,0.955,-1.696,-1.026,-0.86,-0.041,0.564
843,10.766,0.329,346.011,-19.155,-157.753,-56.311,-13.505,-5.496,297.883,-197.573,118.813,30.604,-1.127,-0.142,0.968,-1.666,-1.012,-0.847,-0.039,0.564
844,10.798,0.043,345.598,-15.802,-155.984,-58.156,-13.33,-5.231,297.874,-203.616,118.752,33.471,-1.115,-0.116,0.968,-1.719,-0.998,-0.858,-0.036,0.564
845,10.872,0.582,346.042,-18.992,-154.195,-59.693,-13.59,-5.495,297.432,-206.794,120.556,28.41,-1.101,-0.141,0.984,-1.748,-1,-0.884,-0.034,0.564
846,10.708,0.195,346.011,-19.155,-157.753,-61.237,-13.989,-4.957,298.301,-200.557,120.502,33.754,-1.127,-0.141,0.98,-1.691,-0.998,-0.859,-0.031,0.564
847,10.661,0.8,345.566,-15.966,-159.542,-61.552,-13.679,-5.18,298.301,-200.557,120.502,32.38,-1.142,-0.12,0.981,-1.691,-0.998,-0.847,-0.029,0.564
848,10.726,0.46,346.011,-19.155,-157.753,-57.85,-13.414,-5.274,297.86,-203.735,122.306,30.922,-1.127,-0.142,0.998,-1.72,-0.999,-0.872,-0.026,0.564
849,11.008,0.723,346.011,-19.155,-157.753,-58.703,-13.676,-5.19,298.301,-200.557,120.502,36.628,-1.126,-0.143,0.981,-1.69,-0.997,-0.859,-0.024,0.564
850,10.279,0.54,345.167,-12.687,-154.229,-60.55,-13.321,-5.088,297.442,-200.751,120.617,33.146,-1.105,-0.095,0.986,-1.697,-0.986,-0.837,-0.021,0.564
851,10.63,0.324,346.032,-12.809,-154.173,-60.867,-13.6,-5.28,297.883,-197.573,118.813,26.669,-1.101,-0.095,0.968,-1.667,-0.999,-0.822,-0.018,0.565
852,10.662,0.186,345.16,-19.109,-154.266,-60.826,-13.728,-5.635,297.455,-200.631,117.062,32.641,-1.104,-0.141,0.954,-1.694,-1,-0.86,-0.016,0.565
853,10.677,0.721,345.59,-22.224,-156.02,-62.404,-13.591,-4.915,297.014,-203.809,118.866,24.511,-1.116,-0.165,0.971,-1.727,-1.015,-0.887,-0.013,0.566
854,10.53,0.364,345.59,-22.224,-156.02,-59.173,-13.681,-5.227,297.442,-200.751,120.617,29.838,-1.116,-0.164,0.984,-1.697,-1,-0.873,-0.011,0.566
855,10.962,-0.041,346.035,-25.413,-154.232,-61.046,-13.378,-5.325,297.014,-203.809,118.866,26.588,-1.101,-0.186,0.972,-1.725,-1.015,-0.897,-0.008,0.567
856,10.65,0.096,345.59,-22.224,-156.02,-63.026,-13.454,-4.912,297.442,-200.751,120.617,29.233,-1.116,-0.164,0.985,-1.698,-1,-0.873,-0.006,0.567
857,11.019,0.354,345.59,-22.224,-156.02,-63.89,-13.461,-5.09,297.455,-200.631,117.062,31.339,-1.115,-0.164,0.955,-1.696,-1.013,-0.873,-0.003,0.567
858,10.841,0.55,345.59,-22.224,-156.02,-58.834,-13.505,-5.304,297.432,-206.794,120.556,30.616,-1.115,-0.165,0.985,-1.748,-1,-0.897,-0.001,0.568
859,10.526,0.095,345.59,-22.224,-156.02,-60.727,-13.453,-4.686,297.432,-206.794,120.556,30.962,-1.116,-0.164,0.985,-1.75,-1.001,-0.898,0.001,0.568
860,10.889,0.333,345.59,-22.224,-156.02,-58.187,-13.632,-5.674,298.765,-203.873,118.625,30.254,-1.115,-0.164,0.963,-1.714,-0.982,-0.883,0.003,0.568
861,10.751,0.286,346.021,-25.339,-157.775,-61.61,-13.637,-5.413,298.765,-203.873,118.625,27.35,-1.127,-0.187,0.963,-1.715,-0.996,-0.895,0.006,0.568
862,10.891,0.203,346.035,-25.413,-154.232,-59.819,-13.327,-5.586,297.896,-210.109,118.679,28.452,-1.101,-0.187,0.968,-1.773,-0.998,-0.921,0.008,0.568
863,10.748,0.1,346.035,-25.413,-154.232,-58.85,-13.501,-5.717,297.432,-206.794,120.556,33.753,-1.101,-0.187,0.985,-1.747,-1,-0.908,0.01,0.568
864,10.786,0.197,346.021,-25.339,-157.775,-54.924,-13.506,-5.762,297.432,-206.794,120.556,28.388,-1.127,-0.187,0.985,-1.747,-1.014,-0.908,0.012,0.568
865,11.023,0.447,346.011,-19.155,-157.753,-57.505,-13.103,-5.44,297.896,-210.109,118.679,28.502,-1.126,-0.142,0.968,-1.773,-1.011,-0.897,0.014,0.568
866,11.226,0.232,346.011,-19.155,-157.753,-60.41,-12.883,-5.177,298.301,-200.557,120.502,25.378,-1.126,-0.141,0.983,-1.691,-0.996,-0.859,0.016,0.568
867,10.978,0.105,345.59,-22.224,-156.02,-60.561,-13.646,-5.491,297.432,-206.794,120.556,25.943,-1.115,-0.164,0.984,-1.748,-1,-0.896,0.018,0.568
868,10.808,0.349,345.139,-25.455,-157.846,-59.258,-13.635,-5.403,298.324,-207.051,120.429,28.822,-1.13,-0.188,0.98,-1.745,-0.984,-0.91,0.019,0.568
869,10.583,0.49,345.59,-22.224,-156.02,-57.154,-13.83,-5.357,297.432,-206.794,120.556,33.385,-1.116,-0.165,0.983,-1.748,-1.001,-0.897,0.021,0.568
870,10.659,0.419,345.139,-25.455,-157.846,-59.78,-13.415,-5.141,298.338,-206.931,116.875,31.277,-1.131,-0.189,0.951,-1.745,-0.997,-0.91,0.023,0.568
871,11.012,0.276,345.139,-25.455,-157.846,-62.269,-13.737,-5.13,298.765,-203.873,118.625,28.823,-1.13,-0.188,0.963,-1.716,-0.982,-0.897,0.025,0.567
872,11.119,0.72,345.139,-25.455,-157.846,-62.351,-14.025,-5.175,298.324,-207.051,120.429,31.653,-1.13,-0.189,0.979,-1.746,-0.984,-0.911,0.026,0.567
873,10.852,0.164,345.614,-28.482,-152.499,-57.085,-13.594,-5.137,298.338,-206.931,116.875,29.158,-1.089,-0.21,0.95,-1.745,-0.984,-0.921,0.028,0.567
874,10.729,0.443,344.694,-22.266,-159.635,-62.064,-13.635,-5.179,298.338,-206.931,116.875,29.159,-1.145,-0.165,0.95,-1.745,-0.997,-0.898,0.03,0.566
875,10.799,0.453,345.139,-25.455,-157.846,-58.474,-13.636,-5.047,298.324,-207.051,120.429,28.06,-1.13,-0.189,0.98,-1.746,-0.984,-0.911,0.031,0.566
876,10.755,-0.02,345.162,-31.713,-154.325,-62.053,-13.371,-4.868,298.765,-203.873,118.625,27.413,-1.105,-0.233,0.964,-1.717,-0.968,-0.922,0.033,0.566
877,10.724,0.246,345.162,-31.713,-154.325,-58.819,-13.361,-4.998,297.896,-210.109,118.679,32.758,-1.105,-0.234,0.967,-1.775,-0.985,-0.948,0.035,0.565
878,10.582,0.109,345.149,-31.639,-157.868,-58.631,-13.444,-4.816,298.338,-206.931,116.875,27.083,-1.131,-0.233,0.95,-1.746,-0.998,-0.934,0.036,0.565
879,10.982,0.19,345.149,-31.639,-157.868,-66.297,-13.451,-5.305,299.183,-206.857,120.315,28.179,-1.13,-0.233,0.977,-1.739,-0.967,-0.932,0.038,0.564
880,10.624,0.23,345.149,-31.639,-157.868,-61.773,-13.452,-4.937,299.22,-213.231,116.688,26.764,-1.131,-0.233,0.946,-1.794,-0.981,-0.958,0.039,0.563
881,10.846,0.056,345.593,-34.828,-156.079,-64.091,-13.723,-5.128,298.765,-203.873,118.625,25.994,-1.116,-0.256,0.963,-1.716,-0.983,-0.933,0.041,0.562
882,10.741,0,344.711,-34.945,-156.15,-65.103,-13.634,-4.765,299.22,-213.231,116.688,28.14,-1.12,-0.257,0.945,-1.794,-0.967,-0.972,0.042,0.561
883,10.976,0.632,344.711,-34.945,-156.15,-60.405,-13.137,-4.993,299.183,-206.857,120.315,23.919,-1.119,-0.259,0.978,-1.74,-0.953,-0.947,0.044,0.56
884,10.804,-0.11,344.266,-31.755,-157.939,-59.458,-13.68,-5.175,298.756,-209.916,118.564,31.677,-1.134,-0.234,0.963,-1.768,-0.969,-0.946,0.045,0.559
885,10.931,0.204,344.29,-38.013,-154.417,-64.254,-13.404,-4.999,299.22,-213.231,116.688,32.407,-1.108,-0.281,0.946,-1.794,-0.953,-0.984,0.047,0.558
886,10.537,0.246,345.593,-34.828,-156.079,-62.286,-13.095,-5.302,299.647,-210.173,118.438,26.119,-1.117,-0.257,0.961,-1.764,-0.966,-0.957,0.048,0.557
887,10.732,0.167,344.721,-41.128,-156.172,-60.056,-13.489,-4.767,299.22,-213.231,116.688,31.389,-1.12,-0.304,0.946,-1.794,-0.968,-0.996,0.05,0.555
888,10.813,0.284,345.141,-38.06,-157.905,-63.92,-13.232,-5.267,299.22,-213.231,116.688,24.663,-1.131,-0.281,0.947,-1.793,-0.981,-0.983,0.051,0.554
889,10.82,0.087,344.721,-41.128,-156.172,-62.872,-13.59,-4.946,299.647,-210.173,118.438,25.615,-1.119,-0.303,0.959,-1.765,-0.952,-0.983,0.053,0.552
890,10.694,-0.061,344.721,-41.128,-156.172,-62.639,-13.626,-5.355,300.066,-213.157,120.127,29.195,-1.12,-0.303,0.972,-1.787,-0.938,-0.993,0.054,0.55
891,10.665,0.335,344.721,-41.128,-156.172,-61.244,-13.137,-5.086,299.22,-213.231,116.688,28.251,-1.12,-0.304,0.947,-1.793,-0.967,-0.996,0.056,0.549
892,11.025,0.246,344.721,-41.128,-156.172,-64.106,-13.14,-5.04,299.647,-210.173,118.438,31.396,-1.119,-0.304,0.961,-1.765,-0.951,-0.983,0.057,0.547
893,10.643,0.172,344.745,-47.386,-152.65,-59.36,-13.185,-5.086,299.22,-213.231,116.688,27.798,-1.094,-0.35,0.947,-1.793,-0.954,-1.02,0.059,0.545
894,10.632,0.202,345.165,-44.318,-154.383,-59.798,-13.624,-5.215,299.22,-213.231,116.688,25.32,-1.105,-0.327,0.945,-1.793,-0.968,-1.007,0.06,0.543
895,10.451,0.207,344.713,-47.55,-156.209,-59.032,-13.228,-4.996,298.778,-216.409,118.491,28.873,-1.121,-0.351,0.963,-1.823,-0.969,-1.035,0.062,0.541
896,10.631,0.321,344.293,-50.618,-154.476,-61.549,-13.51,-5.092,297.896,-210.109,118.679,32.325,-1.109,-0.374,0.967,-1.775,-0.972,-1.024,0.063,0.538
897,10.803,0.367,344.293,-50.618,-154.476,-61.215,-13.679,-5.037,297.896,-210.109,118.679,29.14,-1.108,-0.374,0.966,-1.775,-0.972,-1.024,0.064,0.536
898,10.489,0.005,344.745,-47.386,-152.65,-61.544,-13.187,-5.131,297.896,-210.109,118.679,31.742,-1.094,-0.349,0.968,-1.774,-0.972,-1.01,0.066,0.534
899,10.544,-0.155,344.731,-47.312,-156.194,-56.991,-13.232,-5.444,297.468,-213.167,116.928,26.729,-1.12,-0.348,0.954,-1.802,-1.001,-1.022,0.067,0.531
900,10.498,-0.396,344.293,-50.618,-154.476,-61.954,-13.413,-5.128,297.932,-216.483,115.052,29.232,-1.109,-0.372,0.936,-1.829,-0.985,-1.048,0.068,0.528
901,10.452,-0.288,344.723,-53.733,-156.231,-56.819,-13.313,-5.488,298.351,-219.467,116.741,29.919,-1.121,-0.395,0.95,-1.85,-0.985,-1.07,0.069,0.526
902,10.623,-0.237,344.723,-53.733,-156.231,-56.931,-13.319,-5.262,298.351,-219.467,116.741,30.955,-1.12,-0.395,0.95,-1.851,-0.984,-1.071,0.07,0.523
903,10.523,-0.211,345.619,-53.691,-152.616,-59.547,-13.534,-5.579,297.909,-222.645,118.545,30.901,-1.091,-0.394,0.966,-1.88,-0.986,-1.082,0.071,0.52
904,10.122,-0.328,345.175,-50.501,-154.405,-58.114,-13.404,-5.578,298.351,-219.467,116.741,30.596,-1.107,-0.371,0.949,-1.85,-0.985,-1.056,0.072,0.517
905,10.634,-0.02,345.588,-53.854,-156.175,-60.15,-13.487,-5.542,298.769,-222.452,118.43,32.304,-1.117,-0.396,0.962,-1.873,-0.984,-1.081,0.073,0.514
906,10.673,-0.284,345.619,-53.691,-152.616,-59.216,-13.216,-5.621,298.792,-228.945,118.357,26.031,-1.091,-0.394,0.962,-1.928,-0.969,-1.105,0.073,0.511
907,10.84,-0.199,346.47,-53.738,-156.104,-62.812,-13.622,-5.616,298.351,-219.467,116.741,32.041,-1.113,-0.393,0.949,-1.85,-1.012,-1.067,0.074,0.507
908,10.704,-0.328,346.47,-53.738,-156.104,-54.339,-13.616,-5.262,297.909,-222.645,118.545,32.785,-1.114,-0.393,0.965,-1.881,-1.014,-1.081,0.075,0.504
909,10.564,-0.155,346.47,-53.738,-156.104,-58.146,-13.438,-5.347,297.482,-225.703,116.795,32.016,-1.114,-0.394,0.953,-1.909,-1.029,-1.094,0.075,0.5
910,11.073,0.007,346.47,-53.738,-156.104,-62.08,-13.672,-5.761,296.6,-219.404,116.982,31.233,-1.113,-0.394,0.956,-1.86,-1.045,-1.07,0.075,0.497
911,10.487,-0.142,346.47,-53.738,-156.104,-60.796,-13.451,-5.402,297.491,-219.661,116.856,32.375,-1.114,-0.394,0.953,-1.857,-1.029,-1.07,0.075,0.493
912,10.789,-0.279,346.47,-53.738,-156.104,-59.56,-13.359,-5.445,296.6,-219.404,116.982,29.202,-1.113,-0.393,0.957,-1.861,-1.045,-1.07,0.075,0.49
913,10.734,-0.291,346.47,-53.738,-156.104,-62.164,-13.222,-5.437,297.063,-222.719,115.105,28.159,-1.114,-0.393,0.94,-1.886,-1.043,-1.082,0.075,0.486
914,11.015,-0.01,346.47,-53.738,-156.104,-54.966,-13.278,-5.353,297.491,-219.661,116.856,34.874,-1.113,-0.394,0.954,-1.858,-1.028,-1.07,0.075,0.483
915,10.582,-0.135,347.342,-47.438,-156.011,-58.132,-13.128,-5.436,297.063,-222.719,115.105,33.188,-1.111,-0.347,0.94,-1.886,-1.057,-1.056,0.074,0.479
916,10.722,-0.047,347.366,-53.696,-152.489,-56.385,-13.678,-5.309,297.063,-222.719,115.105,29.124,-1.084,-0.392,0.939,-1.887,-1.044,-1.081,0.074,0.476
917,10.668,0.034,346.901,-56.853,-157.858,-62.418,-13.171,-5.615,297.063,-222.719,115.105,29.976,-1.125,-0.416,0.94,-1.886,-1.057,-1.094,0.073,0.473
918,10.88,-0.102,346.891,-50.669,-157.837,-58.862,-13.986,-5.438,296.6,-219.404,116.982,32.656,-1.124,-0.371,0.955,-1.861,-1.059,-1.058,0.073,0.469
919,10.614,0.341,346.47,-53.738,-156.104,-54.54,-13.456,-5.663,297.491,-219.661,116.856,25.239,-1.114,-0.395,0.953,-1.857,-1.028,-1.07,0.072,0.466
920,10.711,0.12,346.47,-53.738,-156.104,-63.466,-13.632,-5.354,296.6,-219.404,116.982,32.718,-1.114,-0.394,0.956,-1.861,-1.045,-1.071,0.071,0.463
921,10.744,0.151,346.026,-50.548,-157.892,-64.877,-13.263,-5.805,297.063,-222.719,115.105,29.917,-1.128,-0.371,0.94,-1.885,-1.043,-1.071,0.07,0.46
922,10.931,0.236,346.47,-53.738,-156.104,-58.556,-13.097,-5.449,296.6,-219.404,116.982,26.346,-1.113,-0.395,0.958,-1.861,-1.044,-1.071,0.069,0.457
923,10.753,0.331,346.47,-53.738,-156.104,-61.275,-13.529,-5.129,297.063,-222.719,115.105,35.219,-1.113,-0.395,0.939,-1.887,-1.044,-1.084,0.068,0.454
924,10.792,0.15,346.47,-53.738,-156.104,-58.253,-13.189,-5.757,296.181,-216.419,115.293,27.415,-1.113,-0.394,0.945,-1.837,-1.059,-1.059,0.067,0.451
925,10.951,-0.23,346.47,-53.738,-156.104,-61.648,-13.58,-5.132,296.181,-216.419,115.293,32.652,-1.113,-0.393,0.943,-1.839,-1.06,-1.059,0.065,0.448
926,11.013,0.308,346.47,-53.738,-156.104,-60.705,-13.223,-5.626,296.181,-216.419,115.293,29.502,-1.113,-0.395,0.945,-1.837,-1.059,-1.06,0.064,0.445
927,10.63,-0.111,346.47,-53.738,-156.104,-58.893,-13.404,-5.446,296.181,-216.419,115.293,28.792,-1.114,-0.394,0.944,-1.838,-1.06,-1.059,0.063,0.442
928,10.623,-0.088,347.321,-53.784,-159.591,-58.035,-12.962,-5.354,296.6,-219.404,116.982,31.001,-1.137,-0.393,0.959,-1.861,-1.072,-1.069,0.062,0.44
929,11.216,0.043,346.47,-53.738,-156.104,-58.016,-13.728,-4.819,296.6,-219.404,116.982,29.065,-1.112,-0.394,0.956,-1.863,-1.045,-1.072,0.06,0.437
930,10.833,-0.057,347.345,-60.042,-156.07,-59.573,-13.631,-5.129,297.063,-222.719,115.105,26.667,-1.11,-0.439,0.939,-1.887,-1.058,-1.107,0.059,0.435
931,11.06,-0.246,346.901,-56.853,-157.858,-59.332,-13.276,-5.211,297.063,-222.719,115.105,26.729,-1.124,-0.416,0.94,-1.887,-1.057,-1.094,0.057,0.433
932,10.801,0.132,346.901,-56.853,-157.858,-62.02,-13.273,-5.039,296.6,-219.404,116.982,31.73,-1.125,-0.417,0.957,-1.862,-1.059,-1.083,0.056,0.43
933,10.726,0.095,348.217,-53.742,-155.977,-55.344,-13.58,-5.126,297.063,-222.719,115.105,30.589,-1.107,-0.392,0.939,-1.887,-1.071,-1.081,0.054,0.428
934,11.072,0.391,346.901,-56.853,-157.858,-58.583,-13.677,-5.134,297.932,-216.483,115.052,30.547,-1.124,-0.417,0.935,-1.829,-1.04,-1.069,0.053,0.426
935,10.984,0.481,347.352,-53.621,-156.033,-59.896,-13.447,-5.268,297.491,-219.661,116.856,28.42,-1.109,-0.393,0.953,-1.858,-1.042,-1.069,0.052,0.423
936,10.768,-0.12,346.922,-50.506,-154.278,-56.683,-13.538,-5.265,298.351,-219.467,116.741,32.716,-1.099,-0.369,0.949,-1.851,-1.012,-1.054,0.05,0.421
937,10.708,0.348,346.026,-50.548,-157.892,-56.688,-13.757,-5.171,297.459,-219.21,116.867,32.326,-1.128,-0.372,0.952,-1.855,-1.029,-1.057,0.049,0.419
938,10.714,0.22,345.595,-47.433,-156.138,-60.573,-13.71,-5.084,297.923,-222.525,114.991,31.277,-1.117,-0.349,0.935,-1.88,-1.014,-1.058,0.048,0.417
939,10.487,0.21,345.595,-47.433,-156.138,-60.281,-13.325,-5.359,298.351,-219.467,116.741,26.676,-1.117,-0.349,0.95,-1.851,-0.998,-1.045,0.047,0.416
940,10.579,0.332,345.595,-47.433,-156.138,-60.524,-13.179,-5.258,298.351,-219.467,116.741,31.416,-1.117,-0.35,0.95,-1.851,-0.998,-1.045,0.046,0.414
941,10.796,0.599,345.595,-47.433,-156.138,-62.311,-13.217,-5.486,297.482,-225.703,116.795,28.514,-1.116,-0.35,0.953,-1.909,-1.014,-1.071,0.045,0.412
942,10.091,0.545,345.175,-50.501,-154.405,-61.271,-13.722,-5.04,297.482,-225.703,116.795,29.445,-1.107,-0.373,0.952,-1.91,-1.002,-1.085,0.044,0.411
943,9.961,0.288,345.175,-50.501,-154.405,-62.986,-13.764,-5.252,297.063,-222.719,115.105,27.386,-1.107,-0.372,0.938,-1.887,-1.017,-1.073,0.044,0.409
944,10.852,0.358,345.595,-47.433,-156.138,-59.182,-13.133,-5.124,297.063,-222.719,115.105,27.764,-1.116,-0.35,0.94,-1.887,-1.029,-1.06,0.043,0.408
945,10.306,0.505,346.47,-53.738,-156.104,-60.648,-13.091,-4.985,297.063,-222.719,115.105,29.271,-1.115,-0.395,0.941,-1.888,-1.044,-1.084,0.042,0.407
946,10.576,0.472,346.026,-50.548,-157.892,-65.835,-13.272,-5.399,297.063,-222.719,115.105,25.941,-1.129,-0.372,0.94,-1.886,-1.043,-1.072,0.042,0.405
947,10.553,0.395,346.47,-53.738,-156.104,-62.717,-13.048,-5.396,297.063,-222.719,115.105,30.635,-1.114,-0.395,0.941,-1.886,-1.043,-1.083,0.041,0.404
948,10.66,0.023,346.891,-50.669,-157.837,-63.755,-13.666,-5.265,296.6,-219.404,116.982,30.207,-1.125,-0.371,0.956,-1.861,-1.059,-1.058,0.041,0.403
949,10.621,-0.016,346.47,-53.738,-156.104,-62.919,-13.395,-5.393,297.063,-222.719,115.105,30.631,-1.114,-0.394,0.94,-1.886,-1.044,-1.083,0.04,0.402
950,10.703,-0.314,346.47,-53.738,-156.104,-57.795,-12.823,-5.405,297.063,-222.719,115.105,33.09,-1.114,-0.393,0.941,-1.886,-1.043,-1.082,0.04,0.401
951,10.706,0.34,346.893,-63.274,-157.895,-63.79,-13.323,-5.447,296.636,-225.777,113.355,23.753,-1.125,-0.464,0.926,-1.915,-1.072,-1.133,0.039,0.399
952,10.36,0.435,346.914,-56.927,-154.315,-56.679,-12.907,-4.906,296.194,-228.955,115.159,27.747,-1.1,-0.418,0.944,-1.947,-1.06,-1.122,0.038,0.398
953,10.981,0.083,347.345,-60.042,-156.07,-63.113,-13.316,-5.443,296.636,-225.777,113.355,26.674,-1.11,-0.439,0.926,-1.915,-1.072,-1.119,0.038,0.397
954,10.763,0.251,347.345,-60.042,-156.07,-64.78,-13.27,-5.311,296.636,-225.777,113.355,27.411,-1.11,-0.44,0.926,-1.916,-1.072,-1.12,0.037,0.395
955,10.845,-0.145,347.345,-60.042,-156.07,-60.994,-13.273,-5.227,296.194,-228.955,115.159,30.86,-1.11,-0.439,0.943,-1.946,-1.074,-1.132,0.036,0.394
956,10.346,0.261,348.647,-56.857,-157.732,-62.21,-12.835,-5.125,295.312,-222.655,115.346,30.286,-1.12,-0.415,0.949,-1.898,-1.118,-1.095,0.035,0.392
957,10.841,-0.148,348.217,-53.742,-155.977,-61.128,-12.874,-5.447,295.312,-222.655,115.346,30.233,-1.107,-0.392,0.949,-1.897,-1.103,-1.082,0.034,0.391
958,10.926,-0.146,347.765,-56.974,-157.803,-66.499,-13.055,-5.178,295.312,-222.655,115.346,28.041,-1.121,-0.416,0.948,-1.898,-1.103,-1.096,0.033,0.39
959,10.613,-0.281,348.64,-63.279,-157.768,-58.891,-13.014,-5.353,294.885,-225.714,113.596,27.039,-1.119,-0.46,0.935,-1.926,-1.133,-1.132,0.031,0.388
960,10.27,0.078,348.647,-56.857,-157.732,-58.828,-13.098,-5.269,295.312,-222.655,115.346,31.272,-1.12,-0.414,0.948,-1.897,-1.118,-1.095,0.03,0.387
961,10.783,-0.223,348.647,-56.857,-157.732,-59.25,-12.834,-5.267,294.885,-225.714,113.596,24.898,-1.118,-0.414,0.935,-1.927,-1.132,-1.107,0.029,0.385
962,10.668,0.337,349.092,-60.047,-155.943,-63.445,-13.186,-5.403,295.312,-222.655,115.346,29.47,-1.104,-0.438,0.948,-1.897,-1.118,-1.107,0.027,0.384
963,10.717,0.102,349.092,-60.047,-155.943,-63.066,-13.325,-5.85,295.312,-222.655,115.346,25.585,-1.104,-0.437,0.947,-1.895,-1.118,-1.105,0.025,0.383
964,10.521,-0.021,348.196,-60.089,-159.557,-63.914,-13.185,-5.123,295.312,-222.655,115.346,33.796,-1.134,-0.438,0.948,-1.898,-1.118,-1.108,0.023,0.381
965,10.937,0.357,348.196,-60.089,-159.557,-59.898,-12.966,-5.393,294.885,-225.714,113.596,32.762,-1.133,-0.439,0.935,-1.926,-1.132,-1.121,0.022,0.38
966,10.509,-0.354,348.217,-53.742,-155.977,-61.953,-13.323,-5.306,295.312,-222.655,115.346,27.699,-1.108,-0.391,0.947,-1.897,-1.104,-1.082,0.02,0.379
967,10.843,-0.194,347.321,-53.784,-159.591,-57.852,-13.193,-5.352,294.885,-225.714,113.596,25.533,-1.136,-0.393,0.934,-1.926,-1.119,-1.097,0.018,0.377
968,11.141,0.473,347.321,-53.784,-159.591,-60.565,-13.197,-5.546,295.754,-219.477,113.542,26.939,-1.135,-0.395,0.931,-1.866,-1.102,-1.072,0.016,0.376
969,10.922,0.247,347.321,-53.784,-159.591,-57.098,-13.277,-5.397,295.754,-219.477,113.542,29.498,-1.136,-0.394,0.931,-1.867,-1.102,-1.071,0.014,0.375
970,11.053,-0.148,348.637,-50.674,-157.71,-66.322,-13.316,-5.669,295.754,-219.477,113.542,28.427,-1.117,-0.369,0.931,-1.866,-1.116,-1.056,0.012,0.374
971,10.762,0.255,348.637,-50.674,-157.71,-59.119,-12.739,-5.044,294.871,-213.177,113.73,31.72,-1.118,-0.37,0.937,-1.819,-1.132,-1.034,0.01,0.373
972,11.053,0.164,349.068,-53.789,-159.464,-60.475,-13.061,-5.27,294.43,-216.355,115.533,26.641,-1.129,-0.392,0.953,-1.849,-1.147,-1.058,0.008,0.373
973,10.597,0.71,349.068,-53.789,-159.464,-64.412,-12.841,-5.361,293.584,-216.429,112.094,29.139,-1.13,-0.393,0.926,-1.854,-1.177,-1.061,0.006,0.372
974,10.453,0.545,349.498,-56.904,-161.219,-59.456,-12.846,-5.096,293.548,-210.056,115.721,32.049,-1.142,-0.415,0.958,-1.8,-1.178,-1.047,0.004,0.372
975,10.622,0.049,350.363,-57.026,-161.163,-64.711,-12.972,-5.267,293.584,-216.429,112.094,29.487,-1.138,-0.414,0.926,-1.855,-1.205,-1.071,0.002,0.371
976,10.88,0.179,350.394,-56.862,-157.605,-65.972,-12.886,-5.004,293.12,-213.114,113.97,28.756,-1.112,-0.413,0.944,-1.83,-1.193,-1.058,-0.001,0.371
977,11.016,0.254,351.259,-56.984,-157.549,-62.077,-12.435,-4.914,291.833,-216.366,112.335,32.37,-1.108,-0.413,0.936,-1.866,-1.237,-1.072,-0.003,0.371
978,10.976,0.41,351.689,-60.099,-159.304,-62.759,-12.655,-4.641,292.692,-216.172,112.22,27.77,-1.119,-0.435,0.931,-1.86,-1.235,-1.082,-0.006,0.371
979,10.934,0.154,351.689,-60.099,-159.304,-58.2,-12.62,-5.137,293.12,-213.114,113.97,24.92,-1.12,-0.434,0.945,-1.829,-1.219,-1.069,-0.009,0.371
980,10.734,0.353,352.141,-56.867,-157.478,-62.886,-12.794,-5.227,293.12,-213.114,113.97,26.306,-1.106,-0.411,0.944,-1.829,-1.22,-1.055,-0.012,0.371
981,11.099,0.086,351.689,-60.099,-159.304,-60.782,-13.016,-4.953,292.251,-219.35,114.024,30.923,-1.119,-0.434,0.947,-1.89,-1.236,-1.095,-0.016,0.371
982,11.061,0.058,351.689,-60.099,-159.304,-60.638,-12.572,-5.22,292.251,-219.35,114.024,27.415,-1.119,-0.434,0.948,-1.889,-1.236,-1.094,-0.019,0.371
983,10.988,0.36,351.689,-60.099,-159.304,-60.265,-12.969,-5.454,292.715,-222.665,112.147,28.017,-1.119,-0.435,0.929,-1.914,-1.235,-1.107,-0.023,0.37
984,11.061,0.544,352.54,-60.145,-162.791,-63.706,-12.706,-5.265,293.584,-216.429,112.094,28.125,-1.142,-0.435,0.927,-1.855,-1.245,-1.08,-0.026,0.37
985,11.151,0.709,351.689,-60.099,-159.304,-58.759,-13.289,-5.274,292.715,-222.665,112.147,30.409,-1.119,-0.436,0.928,-1.914,-1.235,-1.108,-0.03,0.37
986,10.884,0.493,351.689,-60.099,-159.304,-59.933,-12.661,-5.54,292.692,-216.172,112.22,33.419,-1.12,-0.435,0.931,-1.857,-1.235,-1.081,-0.033,0.37
987,11.114,0.672,351.259,-56.984,-157.549,-57.451,-13.058,-5.762,292.715,-222.665,112.147,29.053,-1.108,-0.414,0.929,-1.913,-1.221,-1.095,-0.037,0.37
988,10.753,0.528,350.815,-53.794,-159.338,-62.054,-12.601,-5.488,292.715,-222.665,112.147,34.178,-1.123,-0.391,0.931,-1.914,-1.221,-1.084,-0.041,0.37
989,10.562,0.834,350.815,-53.794,-159.338,-65.162,-12.646,-5.528,292.287,-225.724,110.397,32.735,-1.124,-0.392,0.917,-1.943,-1.237,-1.097,-0.045,0.369
990,10.619,0.719,351.235,-50.726,-161.071,-58.041,-12.748,-5.547,292.251,-219.35,114.024,31.226,-1.135,-0.369,0.948,-1.888,-1.237,-1.059,-0.048,0.369
991,10.758,0.444,350.815,-53.794,-159.338,-59.298,-12.971,-5.408,292.251,-219.35,114.024,31.933,-1.123,-0.391,0.947,-1.888,-1.223,-1.071,-0.052,0.369
992,11.274,0.826,350.815,-53.794,-159.338,-58.259,-13.28,-5.539,291.833,-216.366,112.335,31.215,-1.122,-0.392,0.933,-1.864,-1.238,-1.061,-0.056,0.369
993,10.925,1.074,351.711,-53.752,-155.723,-64.095,-13.062,-5.356,291.823,-222.408,112.273,27.354,-1.094,-0.391,0.933,-1.918,-1.238,-1.083,-0.06,0.369
994,10.668,0.407,350.815,-53.794,-159.338,-63.081,-12.704,-5.439,292.251,-219.35,114.024,32.39,-1.123,-0.391,0.948,-1.888,-1.223,-1.071,-0.063,0.369
995,10.712,0.407,350.815,-53.794,-159.338,-60.691,-12.705,-5.262,291.823,-222.408,112.273,28.06,-1.123,-0.391,0.934,-1.918,-1.238,-1.084,-0.067,0.369
996,10.615,0.614,350.815,-53.794,-159.338,-63.802,-12.974,-5.311,292.251,-219.35,114.024,34.107,-1.124,-0.391,0.947,-1.888,-1.223,-1.072,-0.07,0.369
997,10.405,0.532,351.266,-50.562,-157.512,-59.126,-12.609,-5.4,292.715,-222.665,112.147,33.432,-1.109,-0.367,0.93,-1.914,-1.221,-1.07,-0.074,0.369
998,10.74,0.305,351.245,-56.909,-161.092,-59.71,-12.929,-5.579,292.715,-222.665,112.147,27.319,-1.134,-0.412,0.929,-1.913,-1.235,-1.095,-0.077,0.369
999,10.888,0.582,351.721,-59.935,-155.745,-62.059,-12.971,-5.534,292.287,-225.724,110.397,32.306,-1.094,-0.434,0.915,-1.943,-1.237,-1.119,-0.081,0.369
1000,10.756,0.414,350.838,-60.052,-155.816,-57.399,-12.795,-5.398,292.287,-225.724,110.397,31.316,-1.098,-0.436,0.916,-1.943,-1.223,-1.121,-0.084,0.369
1001,10.704,0.62,352.141,-56.867,-157.478,-60.217,-12.743,-5.178,292.715,-222.665,112.147,27.701,-1.106,-0.412,0.93,-1.915,-1.235,-1.094,-0.087,0.369
1002,10.749,0.098,351.689,-60.099,-159.304,-59.876,-13.106,-5.351,292.287,-225.724,110.397,33.352,-1.12,-0.434,0.915,-1.943,-1.251,-1.119,-0.09,0.368
1003,10.832,0.216,351.269,-63.167,-157.571,-61.067,-12.79,-5.36,292.287,-225.724,110.397,30.901,-1.109,-0.457,0.916,-1.943,-1.237,-1.132,-0.093,0.368
1004,10.131,0.017,352.134,-63.288,-157.515,-59.909,-12.744,-5.397,291.823,-222.408,112.273,27.335,-1.108,-0.457,0.934,-1.918,-1.253,-1.119,-0.096,0.368
1005,10.755,-0.026,352.134,-63.288,-157.515,-63.124,-12.878,-5.301,292.287,-225.724,110.397,30.566,-1.106,-0.456,0.916,-1.944,-1.25,-1.131,-0.099,0.367
1006,10.88,0.359,351.238,-63.33,-161.129,-62.461,-13.236,-5.577,292.287,-225.724,110.397,31.922,-1.134,-0.459,0.915,-1.943,-1.251,-1.133,-0.102,0.367
1007,11.097,0.273,352.144,-69.472,-157.537,-64.907,-12.705,-5.633,291.382,-225.586,114.077,27.289,-1.105,-0.502,0.951,-1.947,-1.253,-1.156,-0.105,0.366
1008,10.562,0.535,351.692,-72.703,-159.362,-63.426,-13.066,-5.805,290.964,-222.602,112.388,32.311,-1.121,-0.527,0.937,-1.923,-1.269,-1.159,-0.108,0.365
1009,11.369,0.013,352.588,-72.661,-155.748,-60.814,-12.257,-5.624,290.536,-225.66,110.638,33.094,-1.09,-0.523,0.925,-1.954,-1.282,-1.17,-0.111,0.364
1010,10.932,0.479,352.588,-72.661,-155.748,-61.856,-12.363,-5.632,289.654,-219.36,110.825,34.463,-1.091,-0.525,0.93,-1.904,-1.3,-1.147,-0.114,0.363
1011,10.973,0.216,352.574,-72.587,-159.291,-59.318,-12.259,-5.575,288.785,-225.597,110.878,33.452,-1.117,-0.524,0.933,-1.965,-1.33,-1.173,-0.117,0.362
1012,11.014,0.133,352.567,-79.008,-159.328,-62.443,-11.776,-5.684,289.654,-219.36,110.825,33.1,-1.117,-0.57,0.932,-1.904,-1.313,-1.171,-0.12,0.361
1013,10.959,0.022,353.011,-82.198,-157.539,-59.705,-11.692,-5.542,288.808,-219.434,107.385,29.919,-1.103,-0.591,0.904,-1.911,-1.343,-1.185,-0.124,0.36
1014,10.619,0.152,353.893,-82.081,-157.468,-62.765,-11.812,-5.855,289.226,-222.419,109.075,30.642,-1.1,-0.59,0.917,-1.933,-1.342,-1.194,-0.127,0.358
1015,10.878,0.227,353.441,-85.313,-159.294,-61.446,-11.902,-5.498,290.559,-219.498,107.144,33.473,-1.114,-0.614,0.896,-1.9,-1.323,-1.194,-0.13,0.356
1016,11.094,0.063,353.441,-85.313,-159.294,-61.83,-11.59,-5.768,290.118,-222.676,108.948,32.462,-1.113,-0.613,0.914,-1.93,-1.324,-1.207,-0.134,0.355
1017,10.924,0.27,353.441,-85.313,-159.294,-66.352,-12.167,-5.717,290.118,-222.676,108.948,27.372,-1.114,-0.614,0.912,-1.93,-1.325,-1.207,-0.137,0.353
1018,10.881,0.138,353.021,-88.381,-157.561,-65.535,-12.127,-5.904,290.536,-225.66,110.638,32.703,-1.103,-0.636,0.926,-1.953,-1.297,-1.231,-0.141,0.351
1019,11.276,0.151,352.17,-88.334,-154.074,-63.922,-12.349,-5.891,291.869,-222.739,108.707,28.821,-1.079,-0.638,0.904,-1.918,-1.251,-1.218,-0.144,0.349
1020,10.747,0.403,351.718,-91.566,-155.899,-65.205,-12.342,-5.676,292.287,-225.724,110.397,31.356,-1.095,-0.662,0.918,-1.942,-1.237,-1.243,-0.148,0.346
1021,10.699,-0.432,350.854,-91.444,-155.955,-60.37,-12.423,-5.719,292.287,-225.724,110.397,32.374,-1.099,-0.661,0.917,-1.942,-1.223,-1.243,-0.151,0.344
1022,10.662,-0.326,351.718,-91.566,-155.899,-63.834,-12.255,-5.762,292.706,-228.708,112.086,33.479,-1.096,-0.66,0.931,-1.965,-1.222,-1.253,-0.154,0.341
1023,10.807,0.276,350.416,-94.751,-154.237,-61.741,-12.2,-5.451,294.039,-225.787,110.156,30.729,-1.087,-0.688,0.91,-1.932,-1.176,-1.255,-0.156,0.338
1024,10.235,-0.002,349.551,-94.629,-154.293,-64.885,-12.695,-5.712,294.457,-228.772,111.845,28.124,-1.092,-0.688,0.922,-1.954,-1.149,-1.267,-0.158,0.335
1025,10.989,0.54,349.121,-91.514,-152.539,-62.259,-12.567,-5.66,294.885,-225.714,113.596,29.623,-1.078,-0.667,0.936,-1.925,-1.119,-1.243,-0.16,0.332
1026,10.27,0.353,348.669,-94.746,-154.364,-63.006,-12.732,-5.762,295.767,-232.013,113.408,24.592,-1.095,-0.691,0.931,-1.973,-1.103,-1.28,-0.161,0.329
1027,10.221,-0.057,348.249,-97.814,-152.631,-67.359,-12.337,-5.844,296.208,-228.835,111.604,30.028,-1.084,-0.713,0.916,-1.943,-1.088,-1.278,-0.162,0.326
1028,10.527,0.256,347.374,-91.51,-152.665,-61.698,-12.912,-5.748,296.208,-228.835,111.604,26.769,-1.086,-0.67,0.914,-1.943,-1.074,-1.256,-0.163,0.323
1029,10.411,-0.013,346.502,-97.81,-152.758,-65.518,-12.815,-5.298,296.208,-228.835,111.604,31.822,-1.09,-0.717,0.914,-1.945,-1.061,-1.283,-0.163,0.319
1030,9.647,-0.069,346.071,-94.695,-151.004,-63.491,-12.821,-5.796,296.626,-231.82,113.294,27.134,-1.081,-0.695,0.927,-1.966,-1.033,-1.281,-0.162,0.316
1031,10.283,-0.043,346.071,-94.695,-151.004,-57.923,-12.912,-5.709,297.518,-232.077,113.167,32.081,-1.079,-0.695,0.923,-1.962,-1.016,-1.281,-0.161,0.312
1032,9.938,0.132,345.196,-88.39,-151.038,-62.542,-13.092,-5.722,297.054,-228.762,115.044,29.18,-1.083,-0.651,0.94,-1.937,-1.004,-1.246,-0.16,0.309
1033,9.929,0.259,344.776,-91.458,-149.305,-62.154,-12.859,-5.714,297.518,-232.077,113.167,26.742,-1.071,-0.675,0.923,-1.962,-0.988,-1.271,-0.158,0.305
1034,9.956,-0.111,344.324,-94.69,-151.13,-65.558,-12.721,-5.62,298.364,-232.003,116.607,28.532,-1.086,-0.698,0.95,-1.956,-0.958,-1.282,-0.156,0.301
1035,10.283,0.148,343.46,-94.569,-151.186,-65.934,-12.812,-5.489,298.828,-235.319,114.73,29.629,-1.088,-0.7,0.933,-1.982,-0.942,-1.296,-0.153,0.298
1036,9.939,0.173,343.912,-91.337,-149.361,-64.319,-13.222,-5.707,298.364,-232.003,116.607,28.098,-1.074,-0.675,0.949,-1.956,-0.945,-1.27,-0.15,0.294
1037,10.281,0.032,343.904,-97.758,-149.397,-62.613,-12.766,-5.888,299.687,-235.125,114.616,29.648,-1.074,-0.722,0.929,-1.973,-0.926,-1.305,-0.146,0.29
1038,9.96,0.362,343.029,-91.454,-149.432,-61.603,-13.074,-5.925,300.115,-232.067,116.366,30.396,-1.078,-0.678,0.942,-1.945,-0.898,-1.269,-0.142,0.287
1039,9.896,-0.053,343.481,-88.222,-147.606,-64.231,-12.801,-6.019,300.105,-238.11,116.305,31.815,-1.063,-0.652,0.942,-1.995,-0.898,-1.279,-0.137,0.283
1040,10.003,0.108,343.029,-91.454,-149.432,-65.483,-12.851,-5.883,301.438,-235.189,114.375,26.124,-1.077,-0.677,0.922,-1.962,-0.88,-1.279,-0.132,0.279
1041,9.967,0.238,343.481,-88.222,-147.606,-63.375,-12.799,-5.934,300.997,-238.367,116.179,26.83,-1.063,-0.653,0.938,-1.992,-0.882,-1.278,-0.127,0.276
1042,10.021,0.331,343.471,-82.039,-147.584,-62.28,-12.791,-6.195,301.033,-244.74,112.552,28.973,-1.062,-0.608,0.908,-2.045,-0.895,-1.279,-0.121,0.272
1043,10.286,0.449,342.155,-85.149,-149.466,-64.034,-12.93,-6.157,300.533,-235.051,118.056,30.368,-1.08,-0.633,0.955,-1.966,-0.868,-1.257,-0.115,0.269
1044,10.195,0.342,342.606,-81.917,-147.64,-60.765,-12.791,-6.022,300.997,-238.367,116.179,29.663,-1.065,-0.608,0.938,-1.992,-0.867,-1.255,-0.109,0.265
1045,10.146,0.466,343.027,-78.849,-149.373,-59.422,-12.847,-5.88,300.997,-238.367,116.179,27.579,-1.077,-0.585,0.938,-1.992,-0.881,-1.243,-0.102,0.262
1046,9.981,0.516,343.051,-85.107,-145.851,-66.154,-12.981,-6.104,300.997,-238.367,116.179,31.776,-1.051,-0.632,0.938,-1.991,-0.868,-1.267,-0.096,0.259
1047,10.047,0.379,343.027,-78.849,-149.373,-61.593,-12.587,-6.02,301.438,-235.189,114.375,29.352,-1.077,-0.585,0.922,-1.962,-0.879,-1.229,-0.089,0.256
1048,9.539,0.736,343.034,-72.428,-149.336,-64.236,-12.978,-5.884,301.438,-235.189,114.375,27.144,-1.078,-0.538,0.921,-1.962,-0.881,-1.204,-0.082,0.253
1049,10.065,1.044,343.003,-72.591,-152.894,-66.655,-13.025,-6.058,301.866,-232.131,116.125,29.651,-1.103,-0.541,0.934,-1.933,-0.878,-1.193,-0.075,0.25
1050,10.11,0.862,343.024,-66.244,-149.314,-61.542,-12.936,-6.117,301.866,-232.131,116.125,32.847,-1.076,-0.493,0.935,-1.933,-0.864,-1.167,-0.068,0.248
1051,10.284,1.028,342.572,-69.476,-151.14,-65.708,-12.936,-5.927,301.866,-232.131,116.125,30.767,-1.091,-0.518,0.935,-1.934,-0.864,-1.181,-0.06,0.246
1052,10.096,1.032,343.024,-66.244,-149.314,-65.018,-13.11,-6.337,301.866,-232.131,116.125,33.9,-1.076,-0.494,0.934,-1.932,-0.865,-1.167,-0.053,0.244
1053,9.925,0.531,342.58,-63.055,-151.103,-65.324,-12.755,-6.471,301.866,-232.131,116.125,30.057,-1.091,-0.469,0.935,-1.932,-0.864,-1.154,-0.046,0.243
1054,10.142,1.011,342.149,-59.94,-149.348,-61.964,-13.338,-6.153,301.866,-232.131,116.125,28.561,-1.079,-0.448,0.933,-1.933,-0.851,-1.144,-0.039,0.241
1055,9.84,0.898,341.705,-56.75,-151.137,-70.226,-13.022,-5.93,301.866,-232.131,116.125,30.088,-1.095,-0.424,0.934,-1.934,-0.851,-1.132,-0.031,0.241
1056,10.049,1.016,341.705,-56.75,-151.137,-67.392,-12.936,-6.151,301.402,-228.815,118.002,31.869,-1.094,-0.425,0.952,-1.908,-0.852,-1.12,-0.024,0.24
1057,10.199,0.945,341.719,-56.825,-147.594,-62.278,-12.541,-6.163,300.556,-228.889,114.562,30.061,-1.067,-0.425,0.927,-1.914,-0.867,-1.122,-0.017,0.24
1058,9.923,1.195,341.719,-56.825,-147.594,-71.957,-12.84,-6.159,301.402,-228.815,118.002,28.229,-1.068,-0.426,0.952,-1.908,-0.838,-1.12,-0.01,0.239
1059,9.882,0.898,342.171,-53.593,-145.768,-60.68,-12.709,-5.981,300.984,-225.831,116.313,37.9,-1.053,-0.4,0.94,-1.886,-0.853,-1.096,-0.003,0.24
1060,10.1,0.897,342.57,-56.871,-151.081,-66.829,-13.123,-6.115,300.556,-228.889,114.562,32.808,-1.091,-0.424,0.925,-1.914,-0.895,-1.121,0.004,0.24
1061,10.016,0.982,342.147,-47.335,-149.29,-68.087,-13.077,-6.568,300.079,-225.693,119.993,30.278,-1.079,-0.354,0.973,-1.889,-0.869,-1.071,0.011,0.241
1062,10.238,0.751,341.695,-50.567,-151.115,-65.942,-13.387,-6.38,300.984,-225.831,116.313,29.282,-1.093,-0.378,0.938,-1.885,-0.866,-1.084,0.018,0.242
1063,10.02,0.797,342.567,-44.267,-151.022,-66.809,-12.451,-6.068,300.984,-225.831,116.313,29.372,-1.091,-0.331,0.941,-1.886,-0.879,-1.058,0.025,0.243
1064,10.207,1.338,342.137,-41.152,-149.268,-68.773,-12.808,-6.251,300.984,-225.831,116.313,27.148,-1.078,-0.309,0.939,-1.885,-0.865,-1.047,0.031,0.245
1065,9.94,1.119,342.567,-44.267,-151.022,-65.645,-12.623,-5.975,301.412,-222.772,118.063,30.834,-1.091,-0.331,0.953,-1.858,-0.865,-1.046,0.037,0.246
1066,10.021,1.077,342.567,-44.267,-151.022,-65.283,-12.944,-6.294,300.984,-225.831,116.313,28.627,-1.091,-0.331,0.939,-1.885,-0.88,-1.058,0.043,0.248
1067,9.854,1.073,342.567,-44.267,-151.022,-67.415,-12.888,-6.562,301.425,-222.653,114.509,31.081,-1.091,-0.331,0.923,-1.855,-0.879,-1.044,0.049,0.251
1068,9.986,1.071,343.439,-37.967,-150.93,-70.442,-12.941,-6.436,301.412,-222.772,118.063,28.956,-1.087,-0.284,0.952,-1.856,-0.879,-1.019,0.055,0.253
1069,10.191,0.981,342.995,-34.777,-152.718,-66.067,-12.809,-6.513,300.984,-225.831,116.313,27.907,-1.101,-0.26,0.939,-1.884,-0.893,-1.019,0.061,0.256
1070,10.015,1.248,343.439,-37.967,-150.93,-66.02,-13.224,-6.203,300.52,-222.515,118.19,29.972,-1.087,-0.284,0.955,-1.86,-0.896,-1.02,0.066,0.259
1071,10.419,0.974,342.988,-41.198,-152.755,-70.687,-12.768,-6.337,301.412,-222.772,118.063,29.718,-1.101,-0.308,0.953,-1.856,-0.878,-1.032,0.071,0.262
1072,10.284,1.466,342.995,-34.777,-152.718,-63.552,-12.813,-5.891,300.102,-219.531,116.5,30.045,-1.101,-0.262,0.944,-1.839,-0.909,-0.998,0.076,0.265
1073,10.506,1.466,342.995,-34.777,-152.718,-66.014,-12.944,-6.105,300.52,-222.515,118.19,29.369,-1.1,-0.262,0.956,-1.861,-0.894,-1.008,0.081,0.269
1074,10.016,1.297,342.995,-34.777,-152.718,-67.036,-12.854,-6.201,300.566,-222.846,114.624,30.048,-1.102,-0.261,0.926,-1.863,-0.908,-1.009,0.085,0.273
1075,10.433,1.523,342.565,-31.662,-150.964,-62.758,-13.133,-6.162,300.543,-216.353,114.696,30.344,-1.089,-0.239,0.926,-1.808,-0.894,-0.972,0.09,0.276
1076,10.381,1.825,342.565,-31.662,-150.964,-69.828,-12.802,-5.978,300.566,-222.846,114.624,32.241,-1.089,-0.24,0.926,-1.864,-0.894,-0.999,0.094,0.28
1077,10.681,1.585,342.565,-31.662,-150.964,-68.569,-12.993,-5.935,300.53,-216.472,118.251,30.401,-1.088,-0.239,0.957,-1.81,-0.88,-0.973,0.098,0.285
1078,10.154,1.538,342.11,-22.289,-152.731,-70.227,-13.132,-6.024,300.102,-219.531,116.5,30.674,-1.104,-0.17,0.943,-1.838,-0.895,-0.95,0.102,0.289
1079,10.255,1.436,342.985,-28.594,-152.697,-64.922,-12.776,-6.024,300.53,-216.472,118.251,31.444,-1.101,-0.216,0.957,-1.81,-0.894,-0.96,0.105,0.293
1080,10.594,1.633,343.437,-25.362,-150.871,-69.536,-13.271,-5.804,300.102,-219.531,116.5,32.125,-1.085,-0.192,0.942,-1.839,-0.909,-0.96,0.109,0.298
1081,10.542,1.726,343.437,-25.362,-150.871,-67.686,-12.716,-5.97,300.53,-216.472,118.251,30.833,-1.085,-0.193,0.958,-1.81,-0.893,-0.947,0.112,0.302
1082,10.199,1.785,343.437,-25.362,-150.871,-65.225,-12.806,-5.979,300.102,-219.531,116.5,27.192,-1.086,-0.193,0.944,-1.838,-0.909,-0.96,0.115,0.307
1083,10.575,1.903,342.993,-22.172,-152.66,-67.466,-12.858,-5.796,300.53,-216.472,118.251,30.468,-1.1,-0.17,0.957,-1.81,-0.893,-0.936,0.118,0.312
1084,10.322,1.686,342.993,-22.172,-152.66,-71.966,-12.826,-5.945,300.066,-213.157,120.127,30.339,-1.101,-0.169,0.975,-1.785,-0.895,-0.923,0.121,0.317
1085,10.106,1.638,343.413,-19.104,-154.393,-69.834,-12.655,-5.797,300.066,-213.157,120.127,27.958,-1.113,-0.146,0.975,-1.785,-0.909,-0.91,0.124,0.322
1086,10.399,1.557,342.562,-19.057,-150.905,-66.253,-12.858,-5.887,300.971,-213.294,116.447,35.414,-1.089,-0.146,0.94,-1.781,-0.878,-0.91,0.126,0.327
1087,10.503,1.765,342.562,-19.057,-150.905,-69.808,-13.009,-6.124,300.066,-213.157,120.127,31.738,-1.088,-0.146,0.974,-1.784,-0.881,-0.911,0.129,0.332
1088,10.381,1.679,342.982,-15.989,-152.638,-66.057,-13.09,-6.204,300.971,-213.294,116.447,35.302,-1.1,-0.123,0.94,-1.78,-0.893,-0.897,0.131,0.338
1089,10.353,1.985,343.413,-19.104,-154.393,-67.718,-13.042,-5.893,300.957,-213.414,120.001,31.801,-1.112,-0.147,0.97,-1.782,-0.893,-0.911,0.133,0.343
1090,9.969,1.728,344.309,-19.062,-150.778,-66.623,-12.722,-5.98,300.53,-216.472,118.251,30.763,-1.083,-0.146,0.958,-1.81,-0.908,-0.921,0.135,0.349
1091,10.418,1.825,343.855,-9.689,-152.545,-67.285,-13.215,-5.939,300.53,-216.472,118.251,30.704,-1.097,-0.077,0.956,-1.81,-0.908,-0.885,0.137,0.354
1092,10.018,1.847,343.434,-12.757,-150.812,-70.892,-12.855,-5.718,301.399,-210.236,118.197,26.851,-1.086,-0.1,0.954,-1.753,-0.878,-0.872,0.139,0.36
1093,10.2,1.683,343.014,-15.826,-149.079,-69.383,-13.573,-6.165,300.53,-216.472,118.251,30.244,-1.074,-0.122,0.955,-1.809,-0.881,-0.91,0.141,0.365
1094,10.232,1.993,343.434,-12.757,-150.812,-68.796,-12.869,-5.802,300.516,-203.936,118.385,28.966,-1.086,-0.1,0.958,-1.705,-0.894,-0.849,0.143,0.371
1095,10.54,1.801,342.99,-9.568,-152.601,-72.683,-13.133,-5.846,300.516,-203.936,118.385,29.315,-1.099,-0.076,0.957,-1.704,-0.893,-0.837,0.144,0.377
1096,10.166,2.156,342.559,-6.453,-150.846,-69.414,-12.686,-5.48,300.075,-207.114,120.188,33.71,-1.089,-0.054,0.975,-1.735,-0.881,-0.839,0.146,0.383
1097,10.513,1.759,342.538,-12.799,-154.427,-69.81,-12.914,-5.311,299.647,-210.173,118.438,28.238,-1.115,-0.1,0.961,-1.764,-0.909,-0.876,0.148,0.389
1098,10.266,2.08,342.982,-15.989,-152.638,-68.135,-13.098,-5.495,300.089,-206.995,116.634,26.069,-1.101,-0.124,0.944,-1.734,-0.909,-0.876,0.149,0.394
1099,10.15,1.764,342.538,-12.799,-154.427,-67.766,-12.782,-5.404,300.089,-206.995,116.634,29.333,-1.116,-0.1,0.945,-1.734,-0.908,-0.863,0.15,0.4
1100,10.471,2.069,342.559,-6.453,-150.846,-68.368,-12.467,-5.493,300.089,-206.995,116.634,28.291,-1.088,-0.054,0.946,-1.734,-0.894,-0.838,0.151,0.406
1101,10.422,2.091,342.99,-9.568,-152.601,-69.379,-12.645,-5.664,300.089,-206.995,116.634,28.299,-1.1,-0.077,0.945,-1.733,-0.908,-0.85,0.152,0.412
1102,10.243,2.086,342.99,-9.568,-152.601,-70.813,-13.084,-5.581,300.075,-207.114,120.188,29.634,-1.1,-0.077,0.974,-1.735,-0.895,-0.85,0.154,0.418
1103,10.428,1.686,343.434,-12.757,-150.812,-68.382,-12.692,-5.715,300.089,-206.995,116.634,28.997,-1.085,-0.099,0.945,-1.733,-0.908,-0.861,0.154,0.423
1104,10.239,1.71,342.982,-15.989,-152.638,-72.33,-12.6,-6.077,300.089,-206.995,116.634,26.859,-1.101,-0.123,0.946,-1.732,-0.908,-0.874,0.155,0.429
1105,10.057,1.946,342.108,-9.684,-152.672,-68.389,-12.877,-6.167,300.089,-206.995,116.634,28.195,-1.104,-0.078,0.945,-1.732,-0.895,-0.851,0.156,0.435
1106,10.154,1.845,342.538,-12.799,-154.427,-69.809,-12.68,-5.894,300.971,-213.294,116.447,27.604,-1.116,-0.1,0.941,-1.781,-0.892,-0.886,0.157,0.44
1107,10.206,1.588,342.108,-9.684,-152.672,-69.442,-13.169,-5.977,301.399,-210.236,118.197,31.449,-1.104,-0.077,0.953,-1.752,-0.864,-0.861,0.158,0.446
1108,10.242,1.769,342.559,-6.453,-150.846,-66.943,-12.9,-6.387,300.53,-216.472,118.251,28.964,-1.089,-0.053,0.957,-1.809,-0.88,-0.873,0.158,0.451
1109,10.474,1.693,342.982,-15.989,-152.638,-71.651,-12.725,-6.127,301.399,-210.236,118.197,30.412,-1.1,-0.123,0.954,-1.752,-0.877,-0.885,0.159,0.456
1110,10.02,1.77,342.139,-9.521,-149.114,-67.237,-12.851,-5.976,300.971,-213.294,116.447,31.134,-1.078,-0.076,0.94,-1.78,-0.865,-0.874,0.16,0.461
1111,10.211,1.914,341.687,-12.753,-150.939,-68.276,-12.952,-6.063,300.53,-216.472,118.251,27.539,-1.092,-0.1,0.957,-1.81,-0.866,-0.9,0.161,0.466
1112,10.25,1.958,342.562,-19.057,-150.905,-62.741,-12.638,-6.12,300.971,-213.294,116.447,31.836,-1.089,-0.147,0.941,-1.78,-0.878,-0.911,0.161,0.47
1113,10.644,1.513,342.562,-19.057,-150.905,-63.89,-12.993,-5.53,300.53,-216.472,118.251,30.017,-1.088,-0.146,0.957,-1.811,-0.88,-0.924,0.162,0.475
1114,10.647,2.172,342.1,-16.106,-152.709,-66.933,-12.59,-6.068,301.853,-219.594,116.259,28.28,-1.103,-0.126,0.937,-1.828,-0.861,-0.924,0.163,0.479
1115,10.592,1.624,341.666,-19.099,-154.519,-68.13,-13.164,-6.199,301.853,-219.594,116.259,30.358,-1.118,-0.147,0.935,-1.827,-0.862,-0.935,0.164,0.482
1116,10.819,1.512,342.118,-15.868,-152.694,-67.409,-12.849,-5.977,301.412,-222.772,118.063,26.843,-1.102,-0.122,0.953,-1.858,-0.863,-0.935,0.165,0.486
1117,10.289,1.505,342.562,-19.057,-150.905,-63.835,-12.858,-5.934,301.412,-222.772,118.063,28.604,-1.089,-0.146,0.953,-1.858,-0.864,-0.947,0.166,0.489
1118,10.689,2,343.437,-25.362,-150.871,-66.013,-13.165,-5.979,301.412,-222.772,118.063,32.856,-1.085,-0.193,0.952,-1.858,-0.878,-0.971,0.166,0.492
1119,10.474,1.981,342.993,-22.172,-152.66,-65.851,-12.851,-5.753,301.412,-222.772,118.063,35.079,-1.1,-0.17,0.953,-1.858,-0.877,-0.96,0.167,0.495
1120,10.295,1.784,343.437,-25.362,-150.871,-65.251,-13.254,-6.121,300.948,-219.457,119.94,29.537,-1.086,-0.193,0.969,-1.832,-0.88,-0.958,0.168,0.498
1121,10.199,1.613,343.447,-31.545,-150.893,-65.955,-12.769,-5.935,300.102,-219.531,116.5,29.989,-1.086,-0.238,0.944,-1.838,-0.909,-0.984,0.169,0.5
1122,10.868,1.383,342.565,-31.662,-150.964,-61.179,-13.074,-5.969,300.102,-219.531,116.5,32.153,-1.088,-0.239,0.943,-1.838,-0.895,-0.986,0.169,0.502
1123,10.473,1.859,342.565,-31.662,-150.964,-64.519,-12.988,-6.113,300.102,-219.531,116.5,32.518,-1.089,-0.24,0.943,-1.838,-0.895,-0.986,0.17,0.504
1124,10.323,1.561,342.12,-28.472,-152.753,-63.875,-12.951,-5.936,300.102,-219.531,116.5,32.849,-1.104,-0.216,0.943,-1.838,-0.895,-0.974,0.171,0.505
1125,10.368,1.597,342.565,-31.662,-150.964,-66.721,-12.85,-6.383,300.138,-225.904,112.873,33.577,-1.089,-0.239,0.913,-1.891,-0.909,-1.011,0.171,0.506
1126,10.288,1.332,343.439,-37.967,-150.93,-70.111,-12.809,-6.159,299.674,-222.589,114.75,29.307,-1.086,-0.285,0.93,-1.866,-0.925,-1.022,0.171,0.507
1127,10.539,1.551,343.439,-37.967,-150.93,-62.822,-12.855,-6.703,299.233,-225.767,116.554,34.586,-1.086,-0.285,0.947,-1.894,-0.926,-1.034,0.172,0.508
1128,10.189,1.015,343.439,-37.967,-150.93,-65.686,-12.807,-6.127,299.674,-222.589,114.75,32.45,-1.087,-0.284,0.93,-1.866,-0.925,-1.021,0.172,0.508
1129,10.201,1.178,342.567,-44.267,-151.022,-62.332,-13.037,-5.942,299.661,-222.709,118.304,31.389,-1.09,-0.332,0.96,-1.868,-0.897,-1.049,0.172,0.508
1130,10.431,1.401,343.862,-47.503,-152.721,-63.272,-12.945,-6.519,299.233,-225.767,116.554,28.931,-1.098,-0.355,0.947,-1.895,-0.94,-1.071,0.172,0.508
1131,10.732,1.579,343.886,-53.761,-149.2,-65.585,-12.603,-6.378,299.233,-225.767,116.554,27.923,-1.071,-0.402,0.948,-1.895,-0.925,-1.097,0.172,0.507
1132,10.82,1.554,343.872,-53.686,-152.743,-70.641,-12.857,-6.247,299.233,-225.767,116.554,31.06,-1.097,-0.401,0.947,-1.896,-0.939,-1.097,0.171,0.506
1133,10.463,1.217,344.317,-56.876,-150.954,-66.424,-12.676,-6.072,299.233,-225.767,116.554,27.522,-1.083,-0.423,0.947,-1.896,-0.94,-1.108,0.171,0.505
1134,10.333,1.179,344.317,-56.876,-150.954,-66.423,-12.888,-6.379,299.233,-225.767,116.554,28.92,-1.084,-0.423,0.947,-1.895,-0.94,-1.108,0.171,0.503
1135,10.273,1.168,343.875,-66.291,-152.802,-65.355,-12.671,-6.165,298.805,-228.825,114.803,26.047,-1.099,-0.493,0.934,-1.925,-0.955,-1.159,0.17,0.502
1136,10.601,1.126,344.295,-63.223,-154.535,-62.606,-12.723,-6.118,299.269,-232.141,112.927,29.639,-1.109,-0.47,0.916,-1.95,-0.967,-1.158,0.17,0.499
1137,10.365,1.264,344.319,-69.481,-151.013,-64.617,-12.682,-6.116,299.269,-232.141,112.927,28.609,-1.084,-0.516,0.916,-1.95,-0.954,-1.183,0.169,0.497
1138,10.313,0.814,343.899,-72.549,-149.28,-65.906,-12.896,-6.161,299.269,-232.141,112.927,29.276,-1.073,-0.538,0.916,-1.95,-0.941,-1.195,0.168,0.494
1139,10.367,0.917,343.899,-72.549,-149.28,-65.333,-12.758,-6.194,299.687,-235.125,114.616,29.351,-1.073,-0.538,0.929,-1.972,-0.926,-1.206,0.167,0.49
1140,10.492,0.906,343.447,-75.781,-151.106,-62.973,-12.719,-6.69,299.687,-235.125,114.616,29.983,-1.087,-0.563,0.929,-1.971,-0.925,-1.219,0.166,0.486
1141,10.587,0.47,343.447,-75.781,-151.106,-65.144,-12.719,-6.291,300.115,-232.067,116.366,31.079,-1.087,-0.562,0.943,-1.943,-0.91,-1.206,0.165,0.482
1142,10.599,0.907,343.447,-75.781,-151.106,-62.87,-12.615,-5.615,299.687,-235.125,114.616,29.365,-1.087,-0.563,0.93,-1.974,-0.925,-1.221,0.164,0.478
1143,10.402,0.994,343.457,-81.964,-151.127,-64.458,-12.712,-6.368,300.151,-238.441,112.739,29.027,-1.087,-0.609,0.912,-1.997,-0.924,-1.256,0.163,0.473
1144,10.546,0.643,343.027,-78.849,-149.373,-66.806,-12.396,-6.152,300.115,-232.067,116.366,24.767,-1.075,-0.586,0.944,-1.944,-0.896,-1.219,0.163,0.468
1145,10.391,0.939,343.901,-85.154,-149.339,-64.527,-12.728,-6.023,298.828,-235.319,114.73,24.625,-1.073,-0.632,0.933,-1.98,-0.942,-1.259,0.162,0.463
1146,10.412,1.139,343.457,-81.964,-151.127,-62.569,-12.672,-6.196,299.733,-235.456,111.05,30.755,-1.087,-0.609,0.899,-1.975,-0.939,-1.246,0.161,0.458
1147,10.828,0.914,343.051,-85.107,-145.851,-66.797,-12.944,-5.844,299.269,-232.141,112.927,30.666,-1.048,-0.633,0.916,-1.951,-0.912,-1.247,0.16,0.452
1148,10.541,0.858,343.901,-85.154,-149.339,-67.937,-12.575,-6.109,299.687,-235.125,114.616,28.595,-1.072,-0.631,0.93,-1.973,-0.925,-1.256,0.159,0.446
1149,10.778,0.91,343.45,-88.385,-151.164,-63.59,-12.723,-6.293,299.687,-235.125,114.616,30.343,-1.087,-0.656,0.929,-1.972,-0.925,-1.269,0.159,0.44
1150,10.498,1.169,343.45,-88.385,-151.164,-66.286,-12.619,-6.019,300.151,-238.441,112.739,24.03,-1.087,-0.657,0.912,-1.998,-0.924,-1.282,0.158,0.434
1151,10.735,1.222,343.88,-91.5,-152.919,-62.357,-12.629,-6.064,300.151,-238.441,112.739,28.62,-1.098,-0.679,0.912,-1.998,-0.937,-1.294,0.157,0.428
1152,10.372,1.231,343.029,-91.454,-149.432,-60.724,-12.758,-5.968,299.687,-235.125,114.616,28.293,-1.076,-0.681,0.929,-1.973,-0.912,-1.283,0.156,0.422
1153,10.633,0.552,343.029,-91.454,-149.432,-66.78,-12.681,-5.883,299.687,-235.125,114.616,26.064,-1.076,-0.679,0.93,-1.973,-0.911,-1.282,0.156,0.415
1154,10.599,1.092,343.039,-97.637,-149.453,-67.176,-12.546,-5.881,300.151,-238.441,112.739,25.029,-1.076,-0.726,0.913,-1.998,-0.91,-1.32,0.155,0.409
1155,10.379,0.879,343.032,-104.058,-149.49,-59.381,-12.399,-6.059,300.151,-238.441,112.739,24.024,-1.077,-0.773,0.913,-1.998,-0.91,-1.345,0.154,0.402
1156,10.858,0.962,343.452,-100.99,-151.223,-61.896,-12.724,-5.567,300.151,-238.441,112.739,26.865,-1.087,-0.75,0.912,-1.999,-0.924,-1.332,0.154,0.395
1157,10.645,0.825,343.484,-100.827,-147.665,-59.064,-12.859,-5.612,299.723,-241.499,110.989,24.662,-1.061,-0.748,0.898,-2.028,-0.926,-1.344,0.153,0.388
1158,10.548,0.699,343.462,-107.173,-151.245,-62.961,-12.67,-5.524,300.569,-241.425,114.429,22.546,-1.088,-0.795,0.925,-2.022,-0.91,-1.367,0.153,0.381
1159,10.559,0.844,343.462,-107.173,-151.245,-63.138,-12.45,-5.801,300.569,-241.425,114.429,26.48,-1.088,-0.795,0.926,-2.021,-0.909,-1.367,0.152,0.373
1160,10.856,0.711,343.907,-110.363,-149.456,-62.497,-12.669,-5.75,300.569,-241.425,114.429,22.935,-1.072,-0.817,0.925,-2.021,-0.909,-1.379,0.152,0.366
1161,10.73,0.34,344.358,-107.131,-147.63,-62.379,-12.677,-5.529,300.128,-244.603,116.232,23.239,-1.058,-0.791,0.942,-2.052,-0.911,-1.378,0.151,0.358
1162,10.66,0.342,344.337,-113.478,-151.211,-65.487,-12.627,-5.832,300.141,-244.483,112.678,26.879,-1.085,-0.838,0.912,-2.05,-0.939,-1.402,0.151,0.351
1163,10.551,0.206,344.781,-116.668,-149.422,-64.75,-12.817,-5.435,299.282,-244.677,112.793,24.292,-1.07,-0.86,0.915,-2.059,-0.955,-1.417,0.15,0.343
1164,10.603,0.756,343.909,-122.968,-149.515,-60.767,-12.811,-5.65,299.282,-244.677,112.793,23.993,-1.074,-0.91,0.915,-2.058,-0.941,-1.444,0.15,0.335
1165,10.992,0.488,344.361,-119.736,-147.689,-65.498,-12.941,-5.796,298.818,-241.361,114.669,23.882,-1.058,-0.885,0.932,-2.032,-0.943,-1.418,0.149,0.327
1166,10.47,0.309,343.909,-122.968,-149.515,-61.899,-12.856,-5.483,298.818,-241.361,114.669,20.732,-1.074,-0.909,0.932,-2.033,-0.943,-1.432,0.149,0.319
1167,11.022,0.435,343.909,-122.968,-149.515,-62.772,-12.908,-5.654,297.949,-247.598,114.723,23.215,-1.072,-0.909,0.935,-2.092,-0.959,-1.458,0.148,0.31
1168,10.726,-0.045,343.489,-126.036,-147.782,-59.992,-12.861,-6.106,298.841,-247.855,114.596,22.121,-1.062,-0.932,0.931,-2.086,-0.929,-1.469,0.148,0.302
1169,10.854,0.443,343.037,-129.268,-149.608,-59.126,-12.631,-5.612,298.854,-247.735,111.042,23.555,-1.076,-0.958,0.902,-2.087,-0.942,-1.484,0.147,0.294
1170,10.378,0.316,343.037,-129.268,-149.608,-60.434,-13.213,-5.651,299.272,-250.72,112.732,23.519,-1.078,-0.958,0.913,-2.109,-0.929,-1.494,0.146,0.285
1171,10.497,0.002,343.037,-129.268,-149.608,-58.412,-13.213,-5.791,299.7,-247.661,114.482,28.095,-1.077,-0.957,0.927,-2.08,-0.914,-1.481,0.146,0.276
1172,10.502,0.176,343.045,-122.846,-149.571,-59.065,-12.889,-5.971,299.736,-254.035,110.855,22.859,-1.077,-0.91,0.897,-2.133,-0.927,-1.48,0.145,0.268
1173,10.595,0.265,343.037,-129.268,-149.608,-58.481,-12.792,-5.525,300.582,-253.961,114.295,25.052,-1.077,-0.958,0.924,-2.128,-0.897,-1.504,0.145,0.259
1174,10.359,0.662,343.037,-129.268,-149.608,-60.406,-12.94,-5.829,300.582,-253.961,114.295,27.147,-1.078,-0.959,0.923,-2.127,-0.897,-1.504,0.144,0.25
1175,10.757,0.299,342.617,-132.336,-147.875,-62.262,-12.628,-6.236,300.582,-253.961,114.295,27.21,-1.065,-0.982,0.924,-2.125,-0.882,-1.516,0.144,0.242
1176,10.324,0.546,343.037,-129.268,-149.608,-60.513,-12.792,-6.233,301.464,-260.261,114.107,27.2,-1.078,-0.959,0.919,-2.172,-0.881,-1.526,0.144,0.233
1177,10.529,0.213,342.593,-126.078,-151.396,-64.096,-12.744,-6.102,300.619,-260.335,110.667,24.289,-1.092,-0.935,0.893,-2.18,-0.91,-1.517,0.144,0.224
1178,10.192,0.478,341.742,-126.031,-147.909,-60.486,-13.157,-5.927,301.046,-257.277,112.418,23.854,-1.07,-0.938,0.905,-2.151,-0.868,-1.506,0.144,0.215
1179,10.186,0.436,341.752,-132.215,-147.93,-58.606,-13.059,-5.782,301.464,-260.261,114.107,25.086,-1.07,-0.984,0.919,-2.174,-0.854,-1.542,0.144,0.206
1180,11.006,0.721,342.172,-129.146,-149.663,-60.019,-13.054,-6.101,301.464,-260.261,114.107,30.378,-1.079,-0.961,0.919,-2.173,-0.866,-1.528,0.144,0.198
1181,10.286,0.92,342.624,-125.915,-147.838,-56.914,-12.655,-6.194,301.464,-260.261,114.107,27.882,-1.066,-0.936,0.92,-2.172,-0.867,-1.515,0.144,0.189
1182,10.72,0.158,341.721,-132.378,-151.489,-58.233,-13.226,-6.361,301.928,-263.576,112.23,26.802,-1.095,-0.984,0.901,-2.197,-0.865,-1.553,0.145,0.18
1183,10.537,0.569,342.165,-135.568,-149.7,-61.25,-12.781,-5.829,301.928,-263.576,112.23,26.818,-1.081,-1.008,0.902,-2.198,-0.865,-1.566,0.145,0.172
1184,10.461,0.583,342.186,-129.221,-146.12,-61.154,-13.237,-5.792,301.037,-263.319,112.357,28.555,-1.054,-0.961,0.904,-2.203,-0.869,-1.542,0.146,0.163
1185,10.378,0.39,342.617,-132.336,-147.875,-61.225,-13.012,-6.061,301.906,-257.083,112.303,26.803,-1.066,-0.982,0.902,-2.143,-0.866,-1.526,0.147,0.155
1186,10.418,0.766,342.617,-132.336,-147.875,-57.881,-12.884,-6.055,301.464,-260.261,114.107,25.038,-1.066,-0.983,0.919,-2.173,-0.867,-1.54,0.147,0.146
1187,10.545,0.703,342.186,-129.221,-146.12,-57.987,-13.013,-6.141,301.037,-263.319,112.357,28.951,-1.054,-0.961,0.905,-2.202,-0.868,-1.542,0.148,0.138
1188,10.263,0.739,342.196,-135.404,-146.142,-59.979,-12.832,-5.828,301.464,-260.261,114.107,27.885,-1.055,-1.007,0.919,-2.174,-0.854,-1.554,0.149,0.13
1189,10.636,0.436,342.617,-132.336,-147.875,-60.165,-12.928,-5.877,301.464,-260.261,114.107,29.642,-1.065,-0.982,0.919,-2.174,-0.867,-1.54,0.15,0.122
1190,10.622,0.361,342.617,-132.336,-147.875,-60.806,-12.711,-5.692,301.037,-263.319,112.357,28.613,-1.065,-0.982,0.906,-2.203,-0.882,-1.553,0.151,0.114
1191,10.544,0.309,342.196,-135.404,-146.142,-61.956,-13.012,-5.737,300.619,-260.335,110.667,29.318,-1.054,-1.006,0.892,-2.181,-0.883,-1.555,0.152,0.106
1192,10.631,0.482,341.322,-129.1,-146.176,-66.267,-13.015,-5.869,301.037,-263.319,112.357,25.4,-1.057,-0.962,0.905,-2.202,-0.854,-1.543,0.153,0.099
1193,10.535,0.043,342.196,-135.404,-146.142,-59.253,-13.195,-5.964,300.595,-266.497,114.161,24.609,-1.054,-1.005,0.921,-2.232,-0.87,-1.579,0.154,0.091
1194,10.455,0.546,341.314,-135.521,-146.213,-60.097,-12.707,-6.105,300.619,-260.335,110.667,26.082,-1.058,-1.01,0.893,-2.18,-0.869,-1.558,0.155,0.084
1195,10.536,0.623,342.189,-141.826,-146.179,-59.487,-12.839,-6.053,300.177,-263.513,112.471,33.205,-1.054,-1.055,0.909,-2.21,-0.884,-1.594,0.156,0.077
1196,10.264,0.801,342.196,-135.404,-146.142,-57.31,-12.653,-6.186,300.595,-266.497,114.161,27.906,-1.055,-1.007,0.923,-2.232,-0.87,-1.58,0.157,0.07
1197,10.472,0.487,342.617,-132.336,-147.875,-60.499,-12.892,-6.188,300.177,-263.513,112.471,25.35,-1.066,-0.982,0.909,-2.209,-0.898,-1.555,0.158,0.063
1198,10.255,0.587,342.175,-141.751,-149.722,-58.732,-12.658,-5.775,300.177,-263.513,112.471,27.584,-1.082,-1.054,0.91,-2.211,-0.898,-1.595,0.159,0.056
1199,10.941,0.499,342.627,-138.519,-147.896,-52.619,-12.786,-6.141,300.595,-266.497,114.161,27.199,-1.065,-1.028,0.923,-2.232,-0.883,-1.591,0.16,0.049
1200,10.597,-0.044,342.619,-144.941,-147.933,-60.995,-12.472,-5.962,300.632,-272.871,110.533,24.046,-1.066,-1.074,0.893,-2.286,-0.897,-1.641,0.161,0.043
1201,10.715,0.632,343.922,-141.756,-149.595,-56.641,-12.695,-5.604,300.595,-266.497,114.161,25.783,-1.074,-1.049,0.923,-2.233,-0.911,-1.601,0.162,0.036
1202,10.369,0.321,342.619,-144.941,-147.933,-59.164,-12.795,-5.793,300.168,-269.556,112.41,28.546,-1.067,-1.075,0.909,-2.262,-0.899,-1.629,0.162,0.029
1203,10.462,-0.03,343.494,-151.245,-147.899,-56.33,-12.834,-5.735,299.75,-266.571,110.721,22.222,-1.063,-1.118,0.896,-2.24,-0.928,-1.641,0.163,0.023
1204,10.488,0.412,343.05,-148.056,-149.688,-58.072,-12.606,-5.692,300.632,-272.871,110.533,25.057,-1.078,-1.097,0.892,-2.287,-0.911,-1.653,0.163,0.016
1205,10.448,0.099,343.494,-151.245,-147.899,-56.763,-12.564,-5.609,300.168,-269.556,112.41,24.699,-1.063,-1.119,0.91,-2.262,-0.913,-1.652,0.164,0.01
1206,10.504,0.688,343.494,-151.245,-147.899,-55.913,-12.522,-6.234,300.632,-272.871,110.533,22.893,-1.063,-1.12,0.893,-2.285,-0.911,-1.664,0.164,0.003
1207,10.574,0.1,343.494,-151.245,-147.899,-61.304,-12.531,-6.103,300.168,-269.556,112.41,21.114,-1.063,-1.119,0.91,-2.261,-0.912,-1.651,0.164,-0.003
1208,10.556,0.312,343.504,-157.429,-147.921,-62.666,-12.779,-5.831,299.726,-272.734,114.214,22.535,-1.063,-1.165,0.926,-2.292,-0.914,-1.69,0.165,-0.01
1209,10.611,0.235,343.924,-154.36,-149.654,-57.719,-12.694,-5.995,300.632,-272.871,110.533,29.027,-1.075,-1.141,0.892,-2.286,-0.925,-1.675,0.165,-0.016
1210,10.362,0.326,343.924,-154.36,-149.654,-55.614,-12.387,-6.408,300.204,-275.929,108.783,21.85,-1.075,-1.141,0.88,-2.313,-0.94,-1.687,0.165,-0.022
1211,10.778,0.193,343.494,-151.245,-147.899,-53.478,-12.523,-6.496,300.204,-275.929,108.783,20.734,-1.062,-1.119,0.879,-2.313,-0.926,-1.676,0.165,-0.029
1212,11.15,0.094,343.496,-163.85,-147.958,-58.185,-12.921,-6.322,300.204,-275.929,108.783,24.622,-1.062,-1.212,0.878,-2.314,-0.926,-1.726,0.165,-0.035
1213,10.577,-0.23,342.622,-157.545,-147.992,-59.707,-12.295,-6.502,300.181,-282.092,112.276,24.014,-1.066,-1.167,0.909,-2.365,-0.898,-1.727,0.164,-0.042
1214,10.903,0.095,342.178,-154.356,-149.781,-60.987,-12.913,-6.178,301.086,-282.229,108.596,27.897,-1.08,-1.146,0.874,-2.361,-0.896,-1.715,0.164,-0.048
1215,10.462,-0.173,342.199,-148.009,-146.2,-56.661,-12.704,-6.551,300.632,-272.871,110.533,28.172,-1.055,-1.098,0.892,-2.284,-0.883,-1.653,0.164,-0.055
1216,10.445,0.129,342.199,-148.009,-146.2,-59.093,-12.828,-6.235,301.514,-279.171,110.346,23.227,-1.055,-1.099,0.887,-2.331,-0.867,-1.676,0.164,-0.061
1217,10.356,-0.079,341.747,-151.241,-148.026,-55.986,-12.827,-6.275,301.514,-279.171,110.346,21.475,-1.07,-1.124,0.887,-2.331,-0.867,-1.69,0.164,-0.067
1218,10.514,-0.515,341.747,-151.241,-148.026,-57.813,-13.06,-6.184,301.955,-275.993,108.542,26.778,-1.07,-1.123,0.87,-2.301,-0.866,-1.676,0.164,-0.073
1219,10.501,-0.225,340.452,-148.004,-146.327,-59.536,-12.77,-6.092,302.837,-282.293,108.355,25.442,-1.061,-1.104,0.867,-2.348,-0.822,-1.689,0.164,-0.079
1220,10.418,0.127,340.88,-138.515,-148.023,-61.495,-12.733,-6.085,303.265,-279.235,110.105,24.378,-1.073,-1.032,0.881,-2.319,-0.82,-1.638,0.165,-0.085
1221,10.197,0.356,340.872,-144.936,-148.06,-61.439,-12.734,-5.602,302.383,-272.935,110.293,19.749,-1.073,-1.081,0.885,-2.274,-0.837,-1.642,0.165,-0.09
1222,10.272,0.169,340.452,-148.004,-146.327,-60.185,-13.009,-5.952,302.801,-275.919,111.982,24.711,-1.062,-1.105,0.897,-2.295,-0.809,-1.665,0.166,-0.096
1223,10.188,0.072,340.872,-144.936,-148.06,-60.225,-12.927,-5.689,303.265,-279.235,110.105,23.265,-1.073,-1.08,0.88,-2.32,-0.821,-1.664,0.166,-0.101
1224,10.378,0.256,340.442,-141.821,-146.305,-62.988,-12.778,-5.547,303.265,-279.235,110.105,24.76,-1.061,-1.059,0.88,-2.321,-0.807,-1.653,0.167,-0.106
1225,10.545,0.202,340.442,-141.821,-146.305,-60.605,-12.645,-5.873,303.265,-279.235,110.105,22.577,-1.061,-1.059,0.881,-2.32,-0.806,-1.653,0.169,-0.111
1226,10.558,0.617,339.998,-138.631,-148.094,-60.88,-13.047,-5.601,302.801,-275.919,111.982,24.341,-1.075,-1.037,0.897,-2.296,-0.808,-1.63,0.17,-0.115
1227,10.6,0.158,340.029,-138.468,-144.536,-56.237,-13.093,-5.692,303.67,-269.683,111.929,26.121,-1.049,-1.035,0.894,-2.237,-0.778,-1.602,0.171,-0.12
1228,10.281,0.244,340.449,-135.4,-146.269,-61.396,-12.405,-5.336,302.801,-275.919,111.982,27.246,-1.061,-1.011,0.899,-2.297,-0.808,-1.616,0.173,-0.124
1229,10.499,0.649,339.998,-138.631,-148.094,-62.87,-12.772,-5.823,303.706,-276.057,108.301,29.057,-1.076,-1.038,0.864,-2.29,-0.805,-1.628,0.174,-0.128
1230,10.424,0.13,340.449,-135.4,-146.269,-59.251,-12.987,-5.738,303.265,-279.235,110.105,25.043,-1.061,-1.011,0.88,-2.32,-0.807,-1.627,0.176,-0.131
1231,10.811,0.435,339.998,-138.631,-148.094,-58.686,-13.005,-5.916,303.265,-279.235,110.105,21.454,-1.075,-1.037,0.88,-2.319,-0.806,-1.642,0.178,-0.135
1232,10.144,0.67,340.894,-138.589,-144.48,-57.819,-12.917,-5.916,302.383,-272.935,110.293,26.464,-1.047,-1.035,0.884,-2.273,-0.823,-1.617,0.179,-0.138
1233,10.159,-0.143,340.894,-138.589,-144.48,-63.71,-12.824,-6.228,302.383,-272.935,110.293,24.729,-1.047,-1.032,0.884,-2.272,-0.823,-1.615,0.181,-0.141
1234,10.6,0.229,340.88,-138.515,-148.023,-60.087,-12.737,-5.822,302.383,-272.935,110.293,30.136,-1.072,-1.033,0.885,-2.274,-0.836,-1.616,0.183,-0.144
1235,10.507,0.03,339.998,-138.631,-148.094,-64.337,-12.743,-5.873,301.501,-266.635,110.48,26.864,-1.076,-1.036,0.889,-2.227,-0.838,-1.596,0.185,-0.146
1236,10.389,0.438,339.998,-138.631,-148.094,-60.807,-13.018,-5.507,301.501,-266.635,110.48,26.143,-1.076,-1.037,0.888,-2.228,-0.839,-1.597,0.186,-0.149
1237,10.419,0.298,341.324,-141.704,-146.234,-58.024,-12.566,-5.822,301.501,-266.635,110.48,25.075,-1.058,-1.055,0.889,-2.227,-0.853,-1.605,0.188,-0.151
1238,10.227,-0.056,341.3,-135.446,-149.756,-54.599,-12.659,-5.602,301.501,-266.635,110.48,26.915,-1.085,-1.008,0.889,-2.228,-0.867,-1.58,0.19,-0.153
1239,10.378,0.796,340.87,-132.331,-148.001,-59.278,-12.476,-5.87,301.501,-266.635,110.48,24.011,-1.073,-0.988,0.89,-2.227,-0.852,-1.57,0.191,-0.154
1240,10.684,0.503,341.721,-132.378,-151.489,-58.697,-12.997,-6.003,301.919,-269.619,112.169,28.654,-1.095,-0.985,0.901,-2.249,-0.865,-1.578,0.192,-0.156
1241,10.423,0.358,342.172,-129.146,-149.663,-63.28,-12.914,-6.102,301.919,-269.619,112.169,27.099,-1.081,-0.96,0.901,-2.248,-0.866,-1.564,0.194,-0.157
1242,10.342,0.741,341.742,-126.031,-147.909,-58.031,-12.915,-5.647,301.919,-269.619,112.169,28.653,-1.069,-0.939,0.901,-2.25,-0.852,-1.554,0.195,-0.158
1243,10.227,0.337,341.742,-126.031,-147.909,-56.326,-12.688,-5.737,301.919,-269.619,112.169,24.701,-1.07,-0.938,0.902,-2.249,-0.852,-1.553,0.196,-0.159
1244,10.384,0.525,342.162,-122.963,-149.642,-61.527,-13.038,-5.955,301.928,-263.576,112.23,28.675,-1.081,-0.914,0.901,-2.198,-0.866,-1.516,0.197,-0.159
1245,10.18,0.257,341.732,-119.848,-147.887,-57.424,-12.738,-6.143,301.501,-266.635,110.48,28.262,-1.07,-0.892,0.889,-2.226,-0.866,-1.517,0.198,-0.16
1246,10.623,0.603,342.184,-116.616,-146.061,-59.496,-12.881,-5.914,301.037,-263.319,112.357,29.018,-1.053,-0.867,0.906,-2.202,-0.868,-1.492,0.199,-0.16
1247,9.923,0.744,341.739,-113.427,-147.85,-57.632,-12.742,-5.787,301.464,-260.261,114.107,28.227,-1.07,-0.845,0.92,-2.174,-0.853,-1.468,0.199,-0.159
1248,10.543,0.43,341.739,-113.427,-147.85,-65.858,-12.875,-5.464,301.928,-263.576,112.23,29.731,-1.068,-0.844,0.902,-2.199,-0.851,-1.48,0.2,-0.159
1249,10.319,0.221,341.739,-113.427,-147.85,-58.047,-12.605,-5.387,301.046,-257.277,112.418,27.574,-1.069,-0.844,0.907,-2.153,-0.867,-1.457,0.201,-0.158
1250,10.094,0.871,341.716,-107.169,-151.372,-57.457,-12.658,-5.242,301.037,-263.319,112.357,32.577,-1.096,-0.799,0.906,-2.205,-0.881,-1.457,0.201,-0.156
1251,10.504,0.837,341.729,-107.243,-147.828,-56.575,-12.237,-5.288,302.37,-260.398,110.427,30.569,-1.068,-0.8,0.888,-2.17,-0.849,-1.443,0.202,-0.155
1252,10.781,0.917,341.285,-104.054,-149.617,-60.885,-12.916,-5.298,301.464,-260.261,114.107,28.628,-1.082,-0.777,0.919,-2.175,-0.852,-1.433,0.202,-0.153
1253,10.333,1.015,342.16,-110.358,-149.583,-62.136,-12.871,-5.553,301.464,-260.261,114.107,34.002,-1.08,-0.822,0.919,-2.175,-0.867,-1.456,0.203,-0.151
1254,10.384,1.028,343.032,-104.058,-149.49,-59.74,-12.69,-5.376,301.464,-260.261,114.107,28.288,-1.077,-0.773,0.92,-2.175,-0.88,-1.429,0.203,-0.148
1255,10.376,0.632,343.042,-110.242,-149.512,-58.02,-12.835,-5.116,301.046,-257.277,112.418,33.559,-1.077,-0.818,0.906,-2.154,-0.895,-1.442,0.203,-0.146
1256,10.376,0.893,343.462,-107.173,-151.245,-59.376,-12.795,-5.344,301.06,-257.157,108.864,28.628,-1.088,-0.795,0.876,-2.152,-0.923,-1.429,0.203,-0.143
1257,10.112,0.894,343.042,-110.242,-149.512,-57.855,-13.001,-5.068,300.619,-260.335,110.667,32.542,-1.078,-0.819,0.892,-2.183,-0.911,-1.456,0.203,-0.14
1258,10.324,0.698,343.032,-104.058,-149.49,-52.025,-12.485,-5.738,299.773,-260.409,107.228,27.904,-1.077,-0.773,0.867,-2.188,-0.939,-1.432,0.203,-0.137
1259,10.506,0.976,343.034,-116.663,-149.549,-61.109,-13.009,-5.833,299.295,-257.213,112.659,30.683,-1.077,-0.867,0.913,-2.164,-0.928,-1.471,0.203,-0.134
1260,10.502,0.347,343.034,-116.663,-149.549,-55.664,-12.699,-5.295,299.309,-257.093,109.104,31.836,-1.077,-0.865,0.884,-2.164,-0.941,-1.47,0.202,-0.13
1261,10.467,-0.03,343.885,-116.71,-153.036,-59.745,-12.426,-5.47,299.773,-260.409,107.228,30.467,-1.1,-0.862,0.868,-2.188,-0.967,-1.48,0.202,-0.127
1262,10.482,0.344,343.917,-116.546,-149.478,-59.85,-12.357,-5.563,299.309,-257.093,109.104,28.325,-1.074,-0.862,0.885,-2.163,-0.955,-1.467,0.201,-0.124
1263,10.197,0.41,343.465,-119.778,-151.304,-58.213,-12.712,-5.337,298.877,-254.228,110.969,25.753,-1.089,-0.887,0.901,-2.143,-0.957,-1.471,0.2,-0.121
1264,10.572,-0.193,344.781,-116.668,-149.422,-62.792,-12.391,-5.477,299.736,-254.035,110.855,29.361,-1.07,-0.859,0.898,-2.135,-0.954,-1.452,0.198,-0.118
1265,10.329,-0.273,343.895,-122.893,-153.058,-59.199,-12.659,-5.248,299.318,-251.05,109.165,26.833,-1.101,-0.907,0.884,-2.113,-0.969,-1.468,0.197,-0.114
1266,11.199,0.495,344.76,-123.014,-153.002,-61.707,-12.58,-5.48,299.736,-254.035,110.855,27.853,-1.095,-0.908,0.898,-2.135,-0.967,-1.478,0.195,-0.111
1267,10.458,0.233,344.34,-126.083,-151.269,-59.11,-12.523,-5.261,299.736,-254.035,110.855,27.179,-1.086,-0.931,0.898,-2.135,-0.954,-1.491,0.194,-0.108
1268,10.711,0.079,344.34,-126.083,-151.269,-60.319,-12.319,-5.169,299.272,-250.72,112.732,24.692,-1.085,-0.93,0.916,-2.111,-0.955,-1.479,0.192,-0.105
1269,10.556,-0.204,344.33,-119.899,-151.248,-60.423,-12.396,-5.027,300.2,-257.35,108.978,25.822,-1.085,-0.884,0.881,-2.161,-0.952,-1.479,0.19,-0.102
1270,10.313,-0.006,344.34,-126.083,-151.269,-59.897,-12.445,-4.944,299.736,-254.035,110.855,28.267,-1.086,-0.93,0.898,-2.136,-0.954,-1.491,0.188,-0.099
1271,10.771,0.23,343.895,-122.893,-153.058,-60.842,-12.442,-5.117,298.89,-254.109,107.415,25.449,-1.099,-0.908,0.872,-2.142,-0.983,-1.482,0.186,-0.097
1272,10.275,-0.309,344.34,-126.083,-151.269,-59.921,-12.45,-5.525,299.318,-251.05,109.165,27.944,-1.086,-0.929,0.885,-2.112,-0.969,-1.479,0.184,-0.094
1273,10.578,-0.094,344.34,-126.083,-151.269,-60.597,-12.269,-5.52,299.318,-251.05,109.165,24.383,-1.085,-0.93,0.886,-2.112,-0.968,-1.48,0.182,-0.091
1274,10.769,0.72,344.34,-126.083,-151.269,-60.463,-11.946,-5.699,300.2,-257.35,108.978,30.478,-1.085,-0.932,0.883,-2.159,-0.951,-1.503,0.18,-0.089
1275,10.487,0.221,343.444,-126.125,-154.884,-58.787,-12.516,-5.389,299.773,-260.409,107.228,30.436,-1.115,-0.933,0.867,-2.189,-0.967,-1.518,0.178,-0.086
1276,10.37,0.277,343.013,-123.01,-153.129,-57.292,-12.347,-5.613,299.309,-257.093,109.104,25.769,-1.104,-0.912,0.885,-2.163,-0.955,-1.495,0.176,-0.084
1277,10.591,-0.361,342.593,-126.078,-151.396,-59.109,-12.436,-5.427,299.309,-257.093,109.104,34.358,-1.092,-0.934,0.885,-2.164,-0.941,-1.507,0.174,-0.082
1278,10.457,-0.095,343.037,-129.268,-149.608,-59.537,-12.713,-5.751,298.867,-260.271,110.908,32.476,-1.077,-0.957,0.9,-2.193,-0.943,-1.532,0.172,-0.08
1279,10.666,-0.437,342.593,-126.078,-151.396,-56.472,-12.664,-6.017,299.309,-257.093,109.104,26.446,-1.091,-0.933,0.884,-2.162,-0.941,-1.506,0.17,-0.078
1280,10.535,-0.238,342.593,-126.078,-151.396,-61.962,-12.349,-5.878,299.309,-257.093,109.104,30.813,-1.092,-0.934,0.885,-2.162,-0.941,-1.507,0.168,-0.076
1281,10.667,0.318,343.023,-129.193,-153.151,-59.599,-12.392,-5.922,299.773,-260.409,107.228,28.631,-1.103,-0.958,0.868,-2.187,-0.953,-1.531,0.166,-0.075
1282,10.754,-0.223,344.34,-126.083,-151.269,-58.973,-12.39,-5.475,299.736,-254.035,110.855,28.634,-1.085,-0.929,0.898,-2.135,-0.953,-1.49,0.164,-0.073
1283,10.438,0,343.444,-126.125,-154.884,-55.281,-12.434,-5.698,299.309,-257.093,109.104,32.223,-1.115,-0.933,0.885,-2.163,-0.969,-1.506,0.162,-0.072
1284,10.461,-0.354,344.316,-119.825,-154.791,-62.325,-12.659,-5.783,298.89,-254.109,107.415,31.069,-1.112,-0.883,0.871,-2.14,-0.998,-1.467,0.16,-0.071
1285,10.503,-0.315,344.337,-113.478,-151.211,-61.676,-12.623,-5.559,299.736,-254.035,110.855,29.716,-1.085,-0.836,0.898,-2.134,-0.954,-1.44,0.158,-0.069
1286,10.718,0.091,344.768,-116.593,-152.965,-62.351,-12.923,-5.424,299.318,-251.05,109.165,29.675,-1.096,-0.859,0.884,-2.112,-0.983,-1.442,0.156,-0.068
1287,10.452,0.013,345.212,-119.783,-151.177,-61.675,-12.527,-5.483,298.854,-247.735,111.042,25.373,-1.082,-0.881,0.902,-2.087,-0.984,-1.441,0.154,-0.066
1288,10.397,-0.13,345.188,-113.525,-154.698,-57.452,-13.163,-4.897,298.877,-241.573,107.549,32.786,-1.108,-0.835,0.87,-2.037,-1.012,-1.393,0.152,-0.065
1289,10.015,0.504,345.64,-110.293,-152.873,-57.582,-12.524,-4.803,298.436,-244.751,109.353,27.208,-1.095,-0.812,0.889,-2.067,-1.013,-1.394,0.15,-0.063
1290,10.639,0.491,345.64,-110.293,-152.873,-56.375,-13.024,-4.669,298.4,-238.377,112.98,26.424,-1.093,-0.812,0.918,-2.014,-0.999,-1.369,0.148,-0.061
1291,10.225,0.435,345.63,-104.11,-152.851,-57.716,-12.673,-4.806,298.4,-238.377,112.98,31.136,-1.094,-0.766,0.92,-2.013,-0.999,-1.344,0.146,-0.059
1292,10.363,0.574,344.765,-103.988,-152.907,-57.038,-12.389,-4.721,298.4,-238.377,112.98,30.419,-1.097,-0.768,0.921,-2.013,-0.985,-1.346,0.143,-0.056
1293,10.394,0.538,345.209,-107.178,-151.118,-59.743,-12.675,-4.817,297.972,-241.435,111.23,28.917,-1.082,-0.79,0.906,-2.042,-1,-1.37,0.141,-0.054
1294,10.848,0.858,344.779,-104.063,-149.363,-55.942,-12.401,-4.848,298.4,-238.377,112.98,30.084,-1.069,-0.769,0.921,-2.013,-0.97,-1.346,0.139,-0.051
1295,10.455,0.4,344.334,-100.873,-151.152,-59.793,-12.522,-4.89,297.972,-241.435,111.23,30.778,-1.085,-0.745,0.907,-2.042,-0.986,-1.347,0.137,-0.048
1296,10.531,0.218,344.765,-103.988,-152.907,-59.806,-12.668,-4.996,297.972,-241.435,111.23,31.717,-1.096,-0.767,0.906,-2.041,-1,-1.358,0.135,-0.045
1297,10.003,0.218,344.334,-100.873,-151.152,-54.805,-12.618,-4.986,297.972,-241.435,111.23,32.866,-1.086,-0.745,0.906,-2.041,-0.987,-1.346,0.133,-0.042
1298,10.435,-0.191,344.334,-100.873,-151.152,-63.594,-12.67,-5.126,298.864,-241.692,111.103,32.849,-1.085,-0.744,0.902,-2.037,-0.97,-1.345,0.13,-0.039
1299,10.263,-0.137,344.334,-100.873,-151.152,-62.78,-12.441,-5.255,298.436,-244.751,109.353,30.046,-1.085,-0.744,0.889,-2.066,-0.985,-1.357,0.128,-0.035
1300,10.451,-0.101,344.334,-100.873,-151.152,-59.39,-12.474,-5.211,298.436,-244.751,109.353,30.754,-1.085,-0.744,0.889,-2.066,-0.984,-1.358,0.127,-0.032
1301,10.442,0.116,344.334,-100.873,-151.152,-57.826,-12.571,-5.164,298.854,-247.735,111.042,33.983,-1.085,-0.744,0.902,-2.088,-0.97,-1.369,0.125,-0.029
1302,10.451,0.395,344.765,-103.988,-152.907,-59.894,-12.558,-5.115,299.282,-244.677,112.793,33.632,-1.096,-0.767,0.916,-2.06,-0.969,-1.368,0.123,-0.025
1303,10.59,0.274,344.755,-97.805,-152.885,-58.486,-12.481,-5.301,298.854,-247.735,111.042,34.331,-1.096,-0.721,0.902,-2.088,-0.983,-1.356,0.121,-0.022
1304,10.625,-0.181,344.755,-97.805,-152.885,-59.452,-12.483,-5.61,299.282,-244.677,112.793,30.426,-1.096,-0.72,0.916,-2.058,-0.968,-1.342,0.119,-0.018
1305,10.459,0.278,345.185,-100.92,-154.64,-59.334,-12.783,-5.296,298.854,-247.735,111.042,35.398,-1.108,-0.743,0.901,-2.088,-0.998,-1.367,0.118,-0.015
1306,10.502,0.489,345.637,-97.688,-152.814,-57.343,-12.888,-5.429,298.854,-247.735,111.042,30.046,-1.093,-0.719,0.901,-2.088,-0.998,-1.354,0.116,-0.012
1307,10.286,0.455,345.637,-97.688,-152.814,-57.301,-12.485,-5.575,298.854,-247.735,111.042,31.458,-1.093,-0.719,0.902,-2.087,-0.998,-1.353,0.115,-0.008
1308,10.763,0.267,345.606,-97.852,-156.373,-58.389,-12.623,-5.29,298.436,-244.751,109.353,34.708,-1.118,-0.72,0.889,-2.066,-1.025,-1.343,0.113,-0.005
1309,10.593,-0.137,345.207,-94.573,-151.059,-59.481,-12.488,-5.612,298.854,-247.735,111.042,29.71,-1.081,-0.695,0.902,-2.087,-0.983,-1.341,0.111,-0.002
1310,10.224,0.645,345.207,-94.573,-151.059,-60.962,-12.523,-4.988,298.436,-244.751,109.353,31.492,-1.082,-0.698,0.889,-2.067,-0.999,-1.332,0.11,0.002
1311,10.087,0.574,344.755,-97.805,-152.885,-62.619,-12.622,-5.566,298.436,-244.751,109.353,30.363,-1.097,-0.722,0.889,-2.065,-0.999,-1.345,0.108,0.005
1312,10.25,0.261,344.324,-94.69,-151.13,-56.231,-12.54,-5.039,297.972,-241.435,111.23,30.347,-1.085,-0.699,0.906,-2.041,-0.986,-1.322,0.107,0.008
1313,9.931,0.523,344.755,-97.805,-152.885,-61.561,-12.618,-4.81,297.531,-244.613,113.033,32.879,-1.098,-0.722,0.923,-2.072,-1.002,-1.348,0.105,0.012
1314,10.629,0.458,343.88,-91.5,-152.919,-64.743,-12.583,-4.726,298.4,-238.377,112.98,33.979,-1.099,-0.677,0.92,-2.013,-0.97,-1.298,0.104,0.015
1315,10.284,0.345,343.88,-91.5,-152.919,-58.882,-12.363,-4.855,297.972,-241.435,111.23,29.666,-1.1,-0.677,0.907,-2.042,-0.986,-1.311,0.102,0.018
1316,10.493,0.341,343.88,-91.5,-152.919,-62.656,-12.896,-4.54,298.4,-238.377,112.98,32.16,-1.099,-0.677,0.919,-2.014,-0.971,-1.298,0.101,0.022
1317,10.054,0.393,343.88,-91.5,-152.919,-60.085,-12.76,-4.762,298.4,-238.377,112.98,27.832,-1.1,-0.677,0.919,-2.013,-0.971,-1.298,0.1,0.025
1318,9.872,0.529,344.311,-94.615,-154.674,-63.291,-12.453,-4.947,298.4,-238.377,112.98,30.389,-1.112,-0.7,0.92,-2.013,-0.985,-1.309,0.099,0.029
1319,10.143,0.559,343.904,-97.758,-149.397,-62.888,-12.674,-4.685,298.841,-235.199,111.176,29.335,-1.074,-0.724,0.903,-1.984,-0.956,-1.309,0.098,0.032
1320,10.234,0.574,344.324,-94.69,-151.13,-60.869,-12.181,-4.835,299.282,-244.677,112.793,29.836,-1.085,-0.7,0.917,-2.061,-0.954,-1.333,0.097,0.035
1321,10.304,0.684,344.324,-94.69,-151.13,-64.124,-12.45,-5.252,299.282,-244.677,112.793,32.967,-1.085,-0.7,0.916,-2.059,-0.954,-1.332,0.096,0.039
1322,10.22,0.431,344.334,-100.873,-151.152,-61.26,-12.528,-5.072,300.187,-244.814,109.112,31.519,-1.085,-0.745,0.882,-2.055,-0.952,-1.355,0.095,0.042
1323,9.837,0.478,344.334,-100.873,-151.152,-58.478,-12.129,-5.25,300.141,-244.483,112.678,32.662,-1.087,-0.745,0.914,-2.052,-0.939,-1.354,0.094,0.045
1324,10.365,0.305,344.334,-100.873,-151.152,-60.576,-12.623,-5.614,300.605,-247.799,110.801,31.446,-1.085,-0.745,0.895,-2.075,-0.937,-1.365,0.094,0.048
1325,10.28,0.441,343.883,-104.105,-152.978,-55.865,-12.659,-5.297,300.178,-250.857,109.051,37.171,-1.1,-0.77,0.881,-2.105,-0.952,-1.392,0.094,0.051
1326,10.679,0.838,343.914,-103.942,-149.419,-58.775,-12.526,-5.745,300.164,-250.977,112.605,34.007,-1.073,-0.77,0.912,-2.105,-0.924,-1.392,0.093,0.053
1327,10.143,0.599,344.757,-110.41,-152.944,-54.366,-12.474,-5.839,300.178,-250.857,109.051,34.38,-1.097,-0.815,0.882,-2.103,-0.966,-1.415,0.093,0.056
1328,10.232,0.08,344.757,-110.41,-152.944,-59.11,-12.163,-5.744,298.877,-254.228,110.969,31.861,-1.097,-0.814,0.903,-2.142,-0.983,-1.43,0.093,0.058
1329,10.42,0.228,344.337,-113.478,-151.211,-56.516,-12.58,-5.657,298.413,-250.913,112.846,37.134,-1.085,-0.838,0.919,-2.117,-0.972,-1.432,0.093,0.059
1330,9.923,0.179,344.768,-116.593,-152.965,-60.869,-12.709,-5.342,298.426,-250.793,109.292,32.198,-1.098,-0.859,0.888,-2.117,-1,-1.443,0.093,0.061
1331,10.33,-0.003,345.632,-116.714,-152.91,-60.583,-12.168,-5.836,298.413,-250.913,112.846,32.571,-1.094,-0.858,0.92,-2.116,-0.999,-1.441,0.092,0.062
1332,10.412,-0.073,345.212,-119.783,-151.177,-57.722,-12.76,-5.924,297.985,-253.971,111.096,31.433,-1.082,-0.881,0.905,-2.145,-1.001,-1.467,0.092,0.063
1333,10.232,-0.031,346.959,-119.787,-151.05,-60.239,-12.757,-5.436,297.567,-250.987,109.406,36.021,-1.076,-0.877,0.891,-2.124,-1.044,-1.453,0.092,0.064
1334,10.094,-0.386,346.086,-126.087,-151.143,-58.509,-13.062,-5.524,297.567,-250.987,109.406,32.797,-1.08,-0.924,0.89,-2.124,-1.031,-1.479,0.091,0.064
1335,10.372,-0.175,346.507,-123.019,-152.875,-60.98,-12.311,-5.88,297.103,-247.671,111.283,28.296,-1.091,-0.901,0.91,-2.098,-1.044,-1.454,0.091,0.064
1336,10.527,-0.467,347.413,-129.16,-149.283,-59.946,-12.708,-5.524,297.103,-247.671,111.283,30.696,-1.061,-0.943,0.909,-2.099,-1.045,-1.476,0.09,0.064
1337,9.835,-0.288,346.517,-129.202,-152.897,-56.937,-12.364,-5.297,297.103,-247.671,111.283,34.712,-1.092,-0.946,0.91,-2.1,-1.046,-1.479,0.089,0.064
1338,10.631,-0.043,346.086,-126.087,-151.143,-55.734,-12.895,-5.078,297.103,-247.671,111.283,32.829,-1.079,-0.925,0.908,-2.1,-1.031,-1.468,0.088,0.063
1339,10.214,-0.169,346.086,-126.087,-151.143,-57.005,-12.756,-5.217,297.531,-244.613,113.033,35.702,-1.08,-0.925,0.923,-2.071,-1.017,-1.455,0.087,0.063
1340,10.144,-0.262,346.086,-126.087,-151.143,-59.14,-12.228,-5.47,297.567,-250.987,109.406,31.503,-1.08,-0.925,0.893,-2.124,-1.029,-1.479,0.086,0.062
1341,10.215,0.309,345.666,-129.156,-149.41,-63.143,-12.662,-4.982,297.567,-250.987,109.406,29.697,-1.068,-0.95,0.892,-2.126,-1.016,-1.494,0.085,0.061
1342,10.047,-0.085,346.086,-126.087,-151.143,-55.703,-12.754,-5.394,297.103,-247.671,111.283,32.825,-1.08,-0.925,0.909,-2.099,-1.032,-1.468,0.084,0.06
1343,10.024,0.449,344.784,-129.272,-149.481,-60.138,-12.848,-5.207,297.567,-250.987,109.406,32.16,-1.072,-0.954,0.891,-2.125,-1.003,-1.496,0.083,0.058
1344,10.532,-0.001,345.214,-132.387,-151.235,-60.949,-12.49,-5.34,297.567,-250.987,109.406,31.086,-1.082,-0.974,0.892,-2.125,-1.015,-1.507,0.081,0.057
1345,10.674,-0.304,345.214,-132.387,-151.235,-60.922,-12.666,-5.386,298.008,-247.809,107.602,27.887,-1.082,-0.973,0.875,-2.094,-1.014,-1.493,0.08,0.055
1346,10.563,0.037,345.214,-132.387,-151.235,-61.858,-12.539,-5.025,298.008,-247.809,107.602,31.128,-1.082,-0.974,0.875,-2.095,-1.014,-1.494,0.079,0.054
1347,10.46,0.235,346.089,-138.692,-151.201,-61.916,-12.788,-5.295,297.985,-253.971,111.096,32.539,-1.08,-1.019,0.904,-2.147,-1.015,-1.541,0.078,0.052
1348,10.537,0.241,346.089,-138.692,-151.201,-57.111,-12.449,-5.479,298.436,-244.751,109.353,27.592,-1.079,-1.019,0.889,-2.065,-1.013,-1.503,0.077,0.05
1349,10.357,0.061,345.645,-135.502,-152.99,-57.684,-12.493,-5.481,298.89,-254.109,107.415,27.195,-1.094,-0.996,0.871,-2.141,-1.012,-1.527,0.076,0.047
1350,10.409,-0.565,346.089,-138.692,-151.201,-57.482,-12.487,-5.657,298.449,-257.287,109.219,28.655,-1.08,-1.016,0.888,-2.171,-1.013,-1.551,0.075,0.045
1351,10.755,-0.317,346.089,-138.692,-151.201,-58.32,-12.536,-5.564,297.567,-250.987,109.406,29.689,-1.079,-1.017,0.892,-2.124,-1.029,-1.529,0.074,0.043
1352,10.446,-0.056,346.964,-144.997,-151.167,-52.421,-12.499,-5.606,297.581,-250.867,105.852,29.749,-1.077,-1.061,0.862,-2.123,-1.057,-1.551,0.073,0.04
1353,10.4,-0.203,346.52,-141.807,-152.956,-59.012,-12.316,-5.877,297.567,-250.987,109.406,26.908,-1.091,-1.039,0.893,-2.123,-1.043,-1.54,0.072,0.037
1354,10.313,-0.522,346.113,-144.95,-147.68,-58.484,-12.845,-5.417,297.139,-254.045,107.656,30.427,-1.054,-1.062,0.877,-2.154,-1.032,-1.566,0.071,0.035
1355,10.616,-0.386,345.669,-141.76,-149.468,-57.913,-12.535,-5.166,297.139,-254.045,107.656,29.331,-1.068,-1.041,0.878,-2.154,-1.031,-1.555,0.069,0.032
1356,10.46,-0.233,345.647,-148.107,-153.049,-58.776,-12.583,-5.292,297.139,-254.045,107.656,27.124,-1.095,-1.088,0.878,-2.154,-1.045,-1.581,0.068,0.028
1357,10.795,-0.167,345.637,-141.924,-153.027,-58.958,-12.762,-5.121,297.567,-250.987,109.406,24.976,-1.093,-1.042,0.891,-2.125,-1.029,-1.543,0.067,0.025
1358,10.406,-0.199,346.512,-148.228,-152.993,-54.606,-12.626,-5.286,297.567,-250.987,109.406,28.996,-1.092,-1.086,0.892,-2.125,-1.044,-1.566,0.066,0.022
1359,10.801,-0.021,346.099,-144.875,-151.223,-57.807,-12.674,-5.29,297.139,-254.045,107.656,26.44,-1.079,-1.063,0.878,-2.154,-1.045,-1.567,0.065,0.019
1360,11.103,-0.057,346.092,-151.297,-151.26,-57.057,-12.81,-5.115,297.567,-250.987,109.406,26.812,-1.078,-1.11,0.891,-2.125,-1.029,-1.58,0.064,0.015
1361,10.683,-0.467,346.092,-151.297,-151.26,-57.497,-12.939,-5.292,297.557,-257.03,109.345,23.5,-1.079,-1.109,0.89,-2.176,-1.031,-1.602,0.062,0.012
1362,10.838,-0.121,346.092,-151.297,-151.26,-60.26,-12.851,-5.747,297.985,-253.971,111.096,23.56,-1.079,-1.11,0.904,-2.146,-1.015,-1.589,0.061,0.008
1363,10.787,-0.344,346.092,-151.297,-151.26,-58.261,-13.033,-5.475,297.139,-254.045,107.656,25.609,-1.079,-1.109,0.877,-2.153,-1.045,-1.592,0.06,0.005
1364,10.26,-0.819,346.092,-151.297,-151.26,-54.938,-12.862,-5.252,298.426,-250.793,109.292,25.373,-1.081,-1.108,0.888,-2.117,-1.015,-1.575,0.059,0.001
1365,10.839,-0.479,346.522,-154.412,-153.015,-61.098,-12.55,-5.693,297.557,-257.03,109.345,29.252,-1.09,-1.13,0.892,-2.175,-1.044,-1.613,0.058,-0.003
1366,10.836,-0.382,346.092,-151.297,-151.26,-56.764,-12.631,-5.155,298.449,-257.287,109.219,26.437,-1.079,-1.109,0.888,-2.173,-1.013,-1.602,0.057,-0.007
1367,10.812,-0.559,345.671,-154.365,-149.527,-57.802,-12.757,-5.204,297.985,-253.971,111.096,27.186,-1.068,-1.133,0.905,-2.148,-1.001,-1.603,0.056,-0.011
1368,10.88,-0.564,345.671,-154.365,-149.527,-55.639,-12.703,-5.871,299.309,-257.093,109.104,25.762,-1.067,-1.133,0.884,-2.162,-0.983,-1.61,0.055,-0.015
1369,10.636,-0.681,345.227,-151.175,-151.316,-57.47,-12.359,-5.648,298.867,-260.271,110.908,25.47,-1.083,-1.11,0.902,-2.193,-0.985,-1.613,0.054,-0.018
1370,10.578,-0.423,345.241,-151.25,-147.772,-56.376,-12.27,-5.649,298.403,-256.956,112.785,24.692,-1.057,-1.112,0.919,-2.168,-0.972,-1.602,0.054,-0.022
1371,10.944,-0.513,344.797,-148.06,-149.561,-56.361,-12.402,-5.337,299.309,-257.093,109.104,28.24,-1.07,-1.089,0.885,-2.164,-0.969,-1.589,0.053,-0.026
1372,10.842,-0.353,344.797,-148.06,-149.561,-57.829,-12.755,-5.702,299.309,-257.093,109.104,29.625,-1.07,-1.09,0.884,-2.163,-0.97,-1.588,0.053,-0.03
1373,11.067,-0.081,344.797,-148.06,-149.561,-56.046,-12.707,-5.386,298.867,-260.271,110.908,28.915,-1.07,-1.09,0.9,-2.194,-0.971,-1.603,0.053,-0.034
1374,10.537,-0.299,344.773,-141.802,-153.083,-52.876,-12.846,-5.647,299.295,-257.213,112.659,24.31,-1.097,-1.044,0.914,-2.164,-0.97,-1.564,0.053,-0.038
1375,10.765,-0.239,344.342,-138.687,-151.328,-54.237,-12.764,-5.742,299.295,-257.213,112.659,24.295,-1.085,-1.022,0.914,-2.164,-0.956,-1.553,0.053,-0.042
1376,10.848,-0.304,344.342,-138.687,-151.328,-57.486,-12.491,-5.479,299.736,-254.035,110.855,27.149,-1.085,-1.022,0.898,-2.135,-0.954,-1.54,0.053,-0.045
1377,10.449,-0.178,343.912,-135.572,-149.573,-55.42,-12.666,-5.608,299.736,-254.035,110.855,25.385,-1.074,-1.001,0.898,-2.134,-0.941,-1.529,0.053,-0.048
1378,10.577,-0.308,344.784,-129.272,-149.481,-55.26,-12.67,-5.346,299.736,-254.035,110.855,26.078,-1.071,-0.951,0.898,-2.135,-0.954,-1.502,0.054,-0.051
1379,10.752,0.136,343.919,-129.151,-149.537,-62.349,-12.702,-5.599,300.178,-250.857,109.051,30.081,-1.073,-0.954,0.881,-2.104,-0.939,-1.49,0.054,-0.054
1380,10.631,0.041,343.895,-122.893,-153.058,-57.143,-12.497,-5.527,300.164,-250.977,112.605,27.491,-1.1,-0.908,0.912,-2.106,-0.938,-1.466,0.055,-0.057
1381,10.212,-0.144,343.465,-119.778,-151.304,-56.009,-12.44,-5.749,300.164,-250.977,112.605,26.107,-1.089,-0.885,0.912,-2.105,-0.925,-1.454,0.056,-0.059
1382,10.622,0.13,343.465,-119.778,-151.304,-55.718,-12.884,-5.383,301.069,-251.114,108.925,28.256,-1.088,-0.886,0.877,-2.101,-0.922,-1.454,0.057,-0.061
1383,10.596,0.579,343.917,-116.546,-149.478,-58.017,-12.498,-5.608,300.605,-247.799,110.801,25.401,-1.073,-0.862,0.895,-2.075,-0.923,-1.428,0.058,-0.062
1384,10.466,0.667,343.907,-110.363,-149.456,-59.752,-12.978,-5.923,300.605,-247.799,110.801,26.751,-1.074,-0.817,0.893,-2.074,-0.924,-1.403,0.059,-0.063
1385,10.714,0.777,343.462,-107.173,-151.245,-63.113,-12.855,-5.114,299.746,-247.992,110.916,24.351,-1.087,-0.795,0.897,-2.085,-0.939,-1.396,0.061,-0.064
1386,10.827,0.726,343.914,-103.942,-149.419,-58.032,-13.157,-5.429,299.282,-244.677,112.793,25.693,-1.072,-0.77,0.914,-2.059,-0.941,-1.369,0.062,-0.064
1387,10.888,0.644,342.578,-94.685,-151.257,-61.981,-13.111,-5.251,299.282,-244.677,112.793,29.61,-1.09,-0.704,0.914,-2.059,-0.927,-1.336,0.063,-0.064
1388,10.542,0.388,343.008,-97.8,-153.012,-64.139,-12.805,-5.477,299.723,-241.499,110.989,29.666,-1.102,-0.725,0.898,-2.028,-0.939,-1.333,0.065,-0.064
1389,10.473,0.798,342.585,-88.264,-151.22,-59.999,-12.801,-5.343,300.151,-238.441,112.739,27.917,-1.091,-0.657,0.912,-2,-0.91,-1.284,0.066,-0.063
1390,10.142,0.955,342.575,-82.081,-151.198,-61.73,-12.436,-5.426,300.615,-241.756,110.862,28.706,-1.092,-0.611,0.896,-2.025,-0.908,-1.272,0.068,-0.061
1391,10.361,0.8,342.582,-75.659,-151.162,-59.806,-12.668,-5.517,301.033,-244.74,112.552,35.383,-1.091,-0.563,0.908,-2.047,-0.894,-1.257,0.07,-0.059
1392,10.155,1.304,342.152,-72.544,-149.407,-62.508,-12.885,-5.212,301.033,-244.74,112.552,31.094,-1.08,-0.542,0.907,-2.048,-0.88,-1.247,0.072,-0.056
1393,10.464,1.447,342.58,-63.055,-151.103,-61.735,-12.799,-5.565,301.902,-238.504,112.498,29.007,-1.09,-0.472,0.905,-1.988,-0.877,-1.182,0.074,-0.053
1394,10.085,1.622,342.16,-66.123,-149.37,-59.971,-13.018,-5.071,301.902,-238.504,112.498,29.016,-1.079,-0.496,0.904,-1.99,-0.864,-1.196,0.076,-0.05
1395,10.061,1.425,342.149,-59.94,-149.348,-64.254,-13.152,-5.443,301.902,-238.504,112.498,28.524,-1.079,-0.449,0.903,-1.989,-0.864,-1.171,0.078,-0.046
1396,9.848,1.086,340.823,-56.867,-151.208,-58.002,-12.75,-5.213,301.902,-238.504,112.498,27.9,-1.098,-0.427,0.905,-1.99,-0.85,-1.161,0.08,-0.041
1397,10.155,1.258,341.275,-53.635,-149.382,-60.645,-12.938,-5.204,301.461,-241.682,114.302,30.085,-1.082,-0.403,0.921,-2.019,-0.851,-1.161,0.083,-0.036
1398,9.639,1.581,341.275,-53.635,-149.382,-61.044,-12.665,-5.304,302.32,-241.489,114.188,32.188,-1.084,-0.404,0.918,-2.012,-0.835,-1.159,0.085,-0.03
1399,10.152,1.599,341.275,-53.635,-149.382,-64.131,-13.098,-5.334,303.212,-241.746,114.061,31.159,-1.082,-0.404,0.913,-2.008,-0.819,-1.158,0.088,-0.025
1400,10.428,1.736,340.831,-50.445,-151.171,-59.62,-12.749,-5.291,302.784,-244.804,112.311,28.704,-1.096,-0.381,0.9,-2.036,-0.832,-1.16,0.091,-0.018
1401,9.891,1.523,341.275,-53.635,-149.382,-60.614,-12.695,-5.073,303.676,-245.061,112.185,33.671,-1.083,-0.404,0.897,-2.033,-0.817,-1.171,0.094,-0.012
1402,10.161,1.564,341.275,-53.635,-149.382,-58.923,-12.909,-5.196,303.676,-245.061,112.185,31.557,-1.082,-0.404,0.896,-2.033,-0.817,-1.171,0.097,-0.005
1403,10.007,1.554,341.275,-53.635,-149.382,-62.119,-12.564,-5.428,304.535,-244.868,112.07,30.503,-1.083,-0.404,0.894,-2.025,-0.801,-1.168,0.1,0.002
1404,10.464,1.09,341.275,-53.635,-149.382,-59.677,-12.734,-5.254,304.535,-244.868,112.07,34.057,-1.081,-0.402,0.893,-2.025,-0.8,-1.168,0.104,0.009
1405,9.839,1.296,342.149,-59.94,-149.348,-60.635,-12.878,-5.387,303.63,-244.73,115.751,30.389,-1.08,-0.449,0.926,-2.03,-0.818,-1.192,0.107,0.016
1406,10.199,1.245,340.403,-59.935,-149.475,-61.801,-12.875,-5.159,304.094,-248.046,113.874,30.824,-1.085,-0.451,0.909,-2.055,-0.788,-1.208,0.111,0.023
1407,9.989,0.802,339.972,-56.82,-147.72,-62.825,-12.874,-5.88,303.666,-251.104,112.124,29.33,-1.074,-0.427,0.896,-2.081,-0.79,-1.207,0.115,0.03
1408,10.019,1.257,339.53,-66.235,-149.568,-64.521,-12.61,-5.384,303.203,-247.789,114,31.903,-1.09,-0.499,0.914,-2.058,-0.79,-1.235,0.118,0.037
1409,9.929,1.464,339.1,-63.12,-147.813,-64.111,-12.695,-5.434,303.203,-247.789,114,32.226,-1.078,-0.477,0.914,-2.058,-0.777,-1.223,0.122,0.044
1410,10.107,1.332,339.086,-63.045,-151.357,-55.433,-12.515,-5.609,303.666,-251.104,112.124,32.235,-1.104,-0.476,0.897,-2.082,-0.789,-1.235,0.126,0.05
1411,10.193,1.057,339.53,-66.235,-149.568,-64.016,-12.517,-5.387,303.666,-251.104,112.124,30.457,-1.089,-0.499,0.897,-2.083,-0.789,-1.247,0.13,0.057
1412,10.155,1.152,339.11,-69.303,-147.835,-62.832,-12.333,-5.602,303.239,-254.162,110.373,28.773,-1.077,-0.522,0.884,-2.111,-0.79,-1.272,0.134,0.063
1413,10.027,0.894,338.658,-72.535,-149.661,-59.618,-12.79,-5.607,303.666,-251.104,112.124,27.943,-1.093,-0.547,0.896,-2.082,-0.775,-1.273,0.138,0.069
1414,10.01,0.71,338.658,-72.535,-149.661,-66.781,-12.965,-6.055,304.085,-254.088,113.813,28.656,-1.093,-0.546,0.908,-2.103,-0.761,-1.283,0.142,0.075
1415,9.8,0.502,338.658,-72.535,-149.661,-62.491,-12.83,-6.147,304.085,-254.088,113.813,29.034,-1.094,-0.546,0.909,-2.102,-0.761,-1.282,0.146,0.08
1416,9.506,0.22,339.533,-78.84,-149.626,-67.389,-12.828,-6.052,304.121,-260.462,110.186,30.438,-1.091,-0.59,0.879,-2.156,-0.79,-1.33,0.15,0.086
1417,9.914,0.662,339.533,-78.84,-149.626,-65.157,-12.515,-5.606,304.085,-254.088,113.813,26.576,-1.09,-0.592,0.91,-2.104,-0.775,-1.306,0.155,0.091
1418,9.754,-0.039,339.533,-78.84,-149.626,-62.869,-12.825,-5.655,304.512,-251.03,115.563,28.687,-1.091,-0.59,0.922,-2.076,-0.76,-1.292,0.159,0.095
1419,9.763,0.284,339.543,-85.023,-149.648,-64.58,-13.092,-5.603,304.085,-254.088,113.813,24.71,-1.091,-0.637,0.908,-2.104,-0.776,-1.33,0.163,0.099
1420,9.739,0.32,339.987,-88.213,-147.86,-67.081,-12.874,-5.652,304.085,-254.088,113.813,25.458,-1.076,-0.66,0.909,-2.104,-0.776,-1.342,0.167,0.103
1421,10.054,0.281,340.408,-85.144,-149.592,-64.979,-13.05,-5.777,304.085,-254.088,113.813,23.66,-1.087,-0.636,0.908,-2.104,-0.79,-1.329,0.171,0.107
1422,9.748,0.243,339.987,-88.213,-147.86,-64.122,-12.967,-5.16,303.643,-257.266,115.617,25.779,-1.076,-0.66,0.925,-2.135,-0.778,-1.356,0.175,0.11
1423,10.023,0.231,339.987,-88.213,-147.86,-67.755,-12.964,-5.701,303.666,-251.104,112.124,28.617,-1.075,-0.66,0.896,-2.082,-0.79,-1.331,0.179,0.113
1424,9.716,0.066,340.838,-88.259,-151.347,-63.225,-12.565,-5.568,303.239,-254.162,110.373,25.809,-1.099,-0.658,0.883,-2.111,-0.833,-1.342,0.182,0.116
1425,10.115,0.723,339.987,-88.213,-147.86,-66.702,-12.565,-5.377,303.666,-251.104,112.124,32.96,-1.075,-0.661,0.897,-2.083,-0.79,-1.332,0.186,0.119
1426,9.969,0.343,340.432,-91.402,-146.071,-60.321,-12.35,-5.517,302.775,-250.847,112.25,27.971,-1.061,-0.683,0.901,-2.086,-0.806,-1.344,0.189,0.121
1427,9.522,0.498,339.987,-88.213,-147.86,-64.683,-12.647,-5.21,303.666,-251.104,112.124,27.959,-1.077,-0.66,0.897,-2.083,-0.791,-1.332,0.193,0.123
1428,9.886,0.149,340.432,-91.402,-146.071,-63.269,-12.653,-5.47,302.775,-250.847,112.25,30.877,-1.061,-0.682,0.9,-2.086,-0.807,-1.343,0.196,0.125
1429,9.882,0.334,339.987,-88.213,-147.86,-61.792,-12.98,-5.259,302.775,-250.847,112.25,27.9,-1.076,-0.66,0.899,-2.087,-0.807,-1.332,0.199,0.126
1430,9.896,0.819,339.987,-88.213,-147.86,-61.32,-12.92,-5.384,302.333,-254.025,114.054,27.945,-1.076,-0.661,0.916,-2.117,-0.808,-1.346,0.202,0.128
1431,9.962,0.128,339.987,-88.213,-147.86,-62.558,-13.105,-5.563,302.775,-250.847,112.25,28.624,-1.075,-0.659,0.899,-2.086,-0.807,-1.331,0.205,0.129
1432,9.96,0.399,339.987,-88.213,-147.86,-63.263,-12.781,-5.656,303.239,-254.162,110.373,34.69,-1.075,-0.66,0.883,-2.11,-0.805,-1.344,0.207,0.13
1433,10.158,0.366,339.987,-88.213,-147.86,-58.061,-13.314,-5.425,302.333,-254.025,114.054,30.739,-1.075,-0.66,0.915,-2.116,-0.808,-1.346,0.21,0.131
1434,9.841,0.741,340.862,-94.517,-147.825,-63.842,-13.012,-5.558,302.333,-254.025,114.054,28.643,-1.073,-0.706,0.916,-2.116,-0.823,-1.369,0.213,0.132
1435,10.326,0.112,341.282,-91.449,-149.558,-61.539,-12.916,-5.609,301.915,-251.04,112.364,31.109,-1.083,-0.681,0.903,-2.094,-0.85,-1.344,0.215,0.132
1436,10.232,-0.032,340.862,-94.517,-147.825,-60.589,-12.66,-5.745,301.915,-251.04,112.364,27.891,-1.072,-0.704,0.904,-2.093,-0.836,-1.357,0.217,0.133
1437,10.158,0.166,340.41,-97.749,-149.651,-64.672,-12.521,-5.698,302.356,-247.862,110.561,31.534,-1.087,-0.73,0.888,-2.064,-0.835,-1.357,0.219,0.133
1438,9.698,0.053,340.862,-94.517,-147.825,-61.772,-12.825,-5.782,302.379,-254.356,110.488,30.441,-1.073,-0.704,0.886,-2.118,-0.836,-1.369,0.221,0.133
1439,9.841,-0.062,341.734,-88.217,-147.733,-63.224,-12.562,-5.342,301.915,-251.04,112.364,29.017,-1.069,-0.656,0.904,-2.094,-0.851,-1.33,0.222,0.133
1440,10.546,0.148,341.282,-91.449,-149.558,-60.203,-12.883,-5.572,302.356,-247.862,110.561,28.969,-1.082,-0.681,0.887,-2.064,-0.849,-1.331,0.224,0.133
1441,9.657,-0.213,340.838,-88.259,-151.347,-63.64,-12.741,-5.569,301.915,-251.04,112.364,33.618,-1.1,-0.657,0.904,-2.094,-0.851,-1.332,0.225,0.133
1442,10.011,0.146,340.408,-85.144,-149.592,-60.11,-12.527,-5.835,302.356,-247.862,110.561,30.464,-1.087,-0.636,0.888,-2.063,-0.835,-1.307,0.226,0.133
1443,10.02,0.323,339.985,-75.608,-147.801,-57.99,-12.208,-5.699,301.915,-251.04,112.364,26.958,-1.075,-0.566,0.905,-2.093,-0.821,-1.284,0.227,0.133
1444,10.045,0.569,339.964,-81.955,-151.381,-65.367,-12.649,-5.74,302.379,-254.356,110.488,32.284,-1.102,-0.614,0.887,-2.118,-0.834,-1.322,0.228,0.133
1445,10.197,0.722,339.533,-78.84,-149.626,-59.677,-12.865,-5.484,303.666,-251.104,112.124,31.117,-1.089,-0.592,0.896,-2.082,-0.789,-1.296,0.229,0.133
1446,10.276,0.488,340.405,-72.54,-149.534,-65.107,-12.64,-5.739,303.666,-251.104,112.124,30.864,-1.086,-0.543,0.897,-2.082,-0.803,-1.268,0.23,0.133
1447,10.369,-0.171,340.405,-72.54,-149.534,-64.744,-12.638,-5.746,303.666,-251.104,112.124,31.55,-1.085,-0.541,0.897,-2.082,-0.803,-1.267,0.231,0.133
1448,10.016,0.548,340.826,-69.471,-151.267,-68.132,-12.917,-5.382,303.666,-251.104,112.124,28.677,-1.098,-0.519,0.896,-2.083,-0.818,-1.256,0.232,0.133
1449,10.381,0.722,340.395,-66.356,-149.512,-61.067,-12.834,-5.963,303.666,-251.104,112.124,29.792,-1.085,-0.497,0.896,-2.081,-0.803,-1.244,0.233,0.134
1450,10.278,0.774,340.847,-63.125,-147.686,-67.758,-12.827,-5.518,303.666,-251.104,112.124,29.026,-1.071,-0.473,0.896,-2.082,-0.803,-1.231,0.234,0.135
1451,10.064,0.208,341.277,-66.24,-149.441,-60.668,-12.976,-5.743,302.775,-250.847,112.25,31.08,-1.083,-0.494,0.899,-2.086,-0.834,-1.242,0.234,0.135
1452,9.541,0.806,341.277,-66.24,-149.441,-64.784,-12.92,-5.556,301.915,-251.04,112.364,32.242,-1.084,-0.495,0.903,-2.094,-0.851,-1.246,0.235,0.136
1453,10.044,0.769,341.698,-63.171,-151.174,-66.731,-12.617,-5.612,301.915,-251.04,112.364,34.36,-1.094,-0.472,0.904,-2.094,-0.864,-1.233,0.236,0.137
1454,9.914,0.586,341.253,-59.982,-152.963,-63.628,-12.936,-5.474,301.033,-244.74,112.552,30.756,-1.11,-0.448,0.907,-2.047,-0.88,-1.198,0.236,0.138
1455,9.716,0.814,340.833,-63.05,-151.23,-65.561,-12.751,-5.47,301.033,-244.74,112.552,31.52,-1.099,-0.472,0.908,-2.047,-0.866,-1.211,0.236,0.14
1456,10.146,0.495,341.253,-59.982,-152.963,-63.193,-12.523,-5.751,300.605,-247.799,110.801,30.435,-1.109,-0.448,0.895,-2.075,-0.894,-1.21,0.237,0.141
1457,10.059,0.548,341.698,-63.171,-151.174,-60.717,-13.149,-5.93,300.615,-241.756,110.862,29.647,-1.094,-0.471,0.893,-2.023,-0.895,-1.198,0.236,0.143
1458,9.861,0.874,342.149,-59.94,-149.348,-61.359,-12.441,-5.345,299.723,-241.499,110.989,32.939,-1.08,-0.448,0.899,-2.029,-0.911,-1.186,0.236,0.145
1459,10.232,0.646,343,-59.986,-152.836,-61.405,-12.387,-5.711,300.187,-244.814,109.112,33.204,-1.102,-0.446,0.882,-2.053,-0.937,-1.196,0.236,0.147
1460,9.841,0.829,343,-59.986,-152.836,-63.252,-12.614,-6.152,299.282,-244.677,112.793,34.99,-1.103,-0.447,0.916,-2.056,-0.941,-1.197,0.235,0.149
1461,9.831,0.784,343.452,-56.755,-151.01,-64.98,-12.662,-5.749,300.615,-241.756,110.862,25.775,-1.088,-0.422,0.895,-2.024,-0.923,-1.17,0.234,0.151
1462,10.056,0.768,343,-59.986,-152.836,-67.396,-12.665,-5.436,300.151,-238.441,112.739,33.955,-1.103,-0.446,0.912,-2,-0.924,-1.171,0.233,0.153
1463,10.021,1.227,343.452,-56.755,-151.01,-58.549,-12.394,-5.521,300.151,-238.441,112.739,29.748,-1.088,-0.423,0.913,-2,-0.924,-1.158,0.232,0.156
1464,9.704,1.115,343.872,-53.686,-152.743,-65.363,-12.358,-5.975,299.723,-241.499,110.989,28.608,-1.1,-0.4,0.9,-2.027,-0.953,-1.158,0.23,0.158
1465,10.192,0.905,343.421,-56.918,-154.569,-61.832,-12.662,-5.613,299.282,-244.677,112.793,33.26,-1.114,-0.424,0.915,-2.058,-0.954,-1.185,0.229,0.161
1466,10.272,0.865,343.872,-53.686,-152.743,-56.738,-12.89,-5.888,298.864,-241.692,111.103,27.833,-1.098,-0.399,0.902,-2.035,-0.969,-1.16,0.227,0.164
1467,9.881,1.138,344.303,-56.801,-154.498,-62.429,-12.665,-5.523,299.305,-238.514,109.299,29.666,-1.111,-0.422,0.886,-2.006,-0.982,-1.159,0.225,0.166
1468,10.278,0.547,343.872,-53.686,-152.743,-61.901,-12.838,-5.394,298.4,-238.377,112.98,34.285,-1.098,-0.398,0.919,-2.011,-0.97,-1.148,0.223,0.169
1469,9.855,1.553,345.168,-56.923,-154.442,-63.758,-12.392,-5.473,299.292,-238.634,112.854,31.555,-1.108,-0.423,0.917,-2.007,-0.981,-1.159,0.22,0.172
1470,10.094,1.09,345.619,-53.691,-152.616,-60.46,-12.319,-5.035,298.4,-238.377,112.98,31.473,-1.092,-0.398,0.921,-2.012,-0.998,-1.146,0.218,0.175
1471,10.085,1.082,345.619,-53.691,-152.616,-60.502,-12.932,-5.305,298.841,-235.199,111.176,33.551,-1.093,-0.398,0.902,-1.981,-0.997,-1.132,0.215,0.179
1472,10.272,0.902,345.612,-60.112,-152.653,-63.42,-12.846,-5.122,298.423,-232.214,109.487,32.861,-1.092,-0.444,0.889,-1.959,-1.012,-1.146,0.212,0.182
1473,10.236,0.693,345.622,-66.296,-152.675,-61.18,-12.493,-5.174,297.982,-235.392,111.291,33.229,-1.093,-0.489,0.907,-1.989,-1.013,-1.184,0.209,0.185
1474,10.368,0.872,345.622,-66.296,-152.675,-59.386,-12.716,-5.387,298.446,-238.708,109.414,31.1,-1.092,-0.49,0.889,-2.014,-1.011,-1.196,0.206,0.188
1475,10.226,0.517,346.473,-66.342,-156.162,-61.306,-12.363,-5.343,297.09,-235.135,111.417,31.482,-1.115,-0.488,0.911,-1.993,-1.057,-1.182,0.203,0.191
1476,10.496,0.51,346.917,-69.532,-154.374,-66.269,-12.315,-5.794,297.554,-238.451,109.54,30.396,-1.1,-0.511,0.894,-2.016,-1.055,-1.206,0.199,0.194
1477,10.319,0.677,346.052,-69.411,-154.43,-60.128,-12.587,-5.127,296.672,-232.151,109.728,34.939,-1.104,-0.511,0.897,-1.97,-1.058,-1.185,0.195,0.197
1478,10.259,0.607,346.052,-69.411,-154.43,-60.809,-12.544,-5.082,296.672,-232.151,109.728,34.26,-1.104,-0.511,0.898,-1.971,-1.058,-1.185,0.191,0.2
1479,10.304,0.741,346.917,-69.532,-154.374,-62.171,-12.635,-5.353,296.231,-235.329,111.531,31.388,-1.101,-0.511,0.914,-2,-1.073,-1.197,0.187,0.203
1480,10.321,0.883,346.896,-75.879,-157.954,-61.925,-12.724,-5.215,296.244,-235.209,107.977,29.583,-1.127,-0.558,0.883,-1.999,-1.101,-1.222,0.183,0.205
1481,10.175,0.809,347.347,-72.647,-156.128,-59.325,-12.694,-5.893,295.803,-238.387,109.781,31.666,-1.113,-0.534,0.9,-2.027,-1.103,-1.221,0.178,0.208
1482,11.028,0.664,346.927,-75.715,-154.395,-58.001,-12.769,-5.481,295.803,-238.387,109.781,29.903,-1.099,-0.556,0.9,-2.029,-1.088,-1.234,0.174,0.21
1483,10.662,0.219,347.802,-82.02,-154.361,-55.474,-12.87,-5.529,295.803,-238.387,109.781,31.713,-1.097,-0.6,0.9,-2.028,-1.103,-1.256,0.169,0.212
1484,10.441,0.801,347.802,-82.02,-154.361,-57.436,-12.948,-5.537,295.339,-235.072,111.658,32.389,-1.097,-0.601,0.917,-2.003,-1.105,-1.245,0.164,0.214
1485,10.574,0.433,347.35,-85.252,-156.187,-62.102,-12.82,-5.624,295.385,-235.403,108.092,27.733,-1.112,-0.625,0.887,-2.005,-1.118,-1.259,0.159,0.215
1486,10.274,0.81,347.794,-88.441,-154.398,-60.062,-12.907,-5.299,294.516,-241.639,108.145,33.789,-1.098,-0.648,0.889,-2.066,-1.135,-1.298,0.154,0.217
1487,10.407,0.494,347.804,-94.625,-154.42,-60.944,-12.783,-5.572,294.943,-238.581,109.896,32.031,-1.098,-0.692,0.903,-2.036,-1.12,-1.309,0.149,0.218
1488,10.404,0.488,348.669,-94.746,-154.364,-59.598,-12.647,-5.534,294.957,-238.461,106.341,32.705,-1.095,-0.692,0.873,-2.035,-1.147,-1.307,0.143,0.219
1489,10.315,0.861,348.687,-94.508,-154.349,-61.44,-12.416,-5.216,294.957,-238.461,106.341,35.656,-1.095,-0.691,0.874,-2.036,-1.147,-1.307,0.138,0.219
1490,10.276,0.284,349.099,-97.861,-156.119,-60.752,-12.554,-5.391,293.624,-241.382,108.272,27.459,-1.107,-0.713,0.894,-2.07,-1.179,-1.333,0.132,0.22
1491,10.425,-0.145,349.109,-104.044,-156.141,-57.222,-12.675,-5.204,294.516,-241.639,108.145,30.695,-1.106,-0.757,0.89,-2.066,-1.162,-1.356,0.127,0.22
1492,10.443,0.223,349.554,-107.234,-154.352,-61.261,-12.513,-5.257,294.088,-244.697,106.395,28.133,-1.092,-0.78,0.877,-2.096,-1.177,-1.381,0.121,0.219
1493,10.604,-0.201,349.554,-107.234,-154.352,-55.382,-12.642,-4.809,294.516,-241.639,108.145,31.422,-1.091,-0.779,0.89,-2.068,-1.162,-1.368,0.115,0.218
1494,10.529,-0.421,350.428,-113.539,-154.318,-59.67,-12.381,-4.775,294.957,-238.461,106.341,27.422,-1.089,-0.822,0.874,-2.037,-1.174,-1.377,0.109,0.217
1495,10.434,-0.3,349.102,-110.466,-156.178,-63.425,-12.813,-4.766,294.088,-244.697,106.395,31.684,-1.107,-0.803,0.876,-2.097,-1.178,-1.395,0.103,0.216
1496,10.573,-0.602,349.532,-113.581,-157.932,-60.66,-12.78,-5.352,294.052,-238.323,110.022,31.643,-1.118,-0.824,0.907,-2.041,-1.178,-1.38,0.097,0.214
1497,10.487,-0.616,348.682,-113.534,-154.445,-66.268,-12.728,-5.124,294.088,-244.697,106.395,30.255,-1.095,-0.825,0.876,-2.096,-1.164,-1.407,0.091,0.212
1498,10.412,-0.429,349.126,-116.724,-152.656,-56.494,-12.466,-5.082,293.624,-241.382,108.272,27.102,-1.081,-0.848,0.895,-2.071,-1.165,-1.407,0.084,0.21
1499,10.532,-0.245,348.682,-113.534,-154.445,-60.965,-12.558,-4.951,294.088,-244.697,106.395,25.97,-1.095,-0.826,0.877,-2.097,-1.164,-1.408,0.078,0.208
1500,10.532,-0.87,348.682,-113.534,-154.445,-59.597,-12.277,-4.893,293.624,-241.382,108.272,30.043,-1.095,-0.825,0.895,-2.072,-1.165,-1.395,0.072,0.205
1501,9.954,-0.65,349.556,-119.839,-154.411,-60.119,-12.606,-4.86,293.624,-241.382,108.272,28.528,-1.094,-0.869,0.894,-2.072,-1.18,-1.418,0.067,0.202
1502,10.482,-0.635,349.112,-116.649,-156.199,-55.976,-12.467,-5.036,294.088,-244.697,106.395,29.579,-1.107,-0.847,0.877,-2.096,-1.177,-1.418,0.061,0.199
1503,10.516,-0.562,348.684,-126.139,-154.503,-60.067,-12.759,-4.895,293.66,-247.755,104.644,31.023,-1.095,-0.917,0.862,-2.126,-1.18,-1.47,0.055,0.196
1504,10.53,-0.786,348.684,-126.139,-154.503,-57.618,-12.857,-5.117,294.506,-247.682,108.084,33.534,-1.095,-0.917,0.889,-2.119,-1.15,-1.467,0.049,0.193
1505,10.712,-0.769,349.987,-122.954,-156.165,-57.538,-12.474,-4.937,294.506,-247.682,108.084,34.557,-1.103,-0.89,0.89,-2.12,-1.176,-1.452,0.044,0.189
1506,10.427,-0.42,349.987,-122.954,-156.165,-56.068,-12.587,-4.802,293.66,-247.755,104.644,31.777,-1.104,-0.891,0.863,-2.127,-1.207,-1.455,0.038,0.185
1507,10.663,-0.331,349.535,-126.186,-157.991,-56.398,-12.863,-4.592,293.66,-247.755,104.644,30.629,-1.118,-0.916,0.862,-2.127,-1.207,-1.469,0.033,0.181
1508,10.386,-1.189,349.987,-122.954,-156.165,-54.81,-12.547,-4.896,293.66,-247.755,104.644,32.069,-1.104,-0.889,0.863,-2.126,-1.207,-1.454,0.027,0.177
1509,10.924,-0.411,349.559,-132.443,-154.469,-56.547,-12.819,-4.855,293.66,-247.755,104.644,32.376,-1.091,-0.961,0.862,-2.127,-1.193,-1.493,0.022,0.172
1510,10.358,-0.368,349.559,-132.443,-154.469,-55.812,-12.512,-4.947,293.219,-250.933,106.448,28.447,-1.093,-0.961,0.88,-2.157,-1.195,-1.507,0.016,0.168
1511,10.963,-0.507,349.987,-122.954,-156.165,-55.366,-12.503,-5.073,293.219,-250.933,106.448,33.15,-1.102,-0.891,0.88,-2.157,-1.207,-1.468,0.011,0.163
1512,10.553,-0.381,349.979,-129.375,-156.202,-56.901,-12.464,-4.855,293.219,-250.933,106.448,28.155,-1.104,-0.938,0.88,-2.157,-1.208,-1.494,0.006,0.158
1513,10.432,-0.509,350.41,-132.49,-157.957,-54.022,-12.724,-4.497,293.219,-250.933,106.448,32.414,-1.115,-0.959,0.879,-2.159,-1.222,-1.505,0.001,0.153
1514,10.028,-0.269,351.726,-129.38,-156.075,-58.862,-12.548,-4.772,293.66,-247.755,104.644,31.683,-1.099,-0.934,0.863,-2.127,-1.235,-1.477,-0.004,0.148
1515,10.912,-0.321,351.292,-132.374,-157.886,-59.399,-12.907,-4.85,292.768,-247.498,104.771,31.658,-1.111,-0.956,0.865,-2.131,-1.251,-1.49,-0.009,0.143
1516,10.948,-0.318,352.157,-132.495,-157.83,-60.349,-12.422,-4.637,292.778,-241.456,104.832,34.498,-1.107,-0.955,0.867,-2.079,-1.263,-1.465,-0.015,0.138
1517,10.824,-0.941,352.157,-132.495,-157.83,-58.683,-12.323,-4.897,292.801,-247.949,104.759,28.149,-1.108,-0.953,0.867,-2.134,-1.263,-1.489,-0.02,0.133
1518,10.959,-0.376,351.736,-135.563,-156.097,-55.168,-12.477,-5.221,292.778,-241.456,104.832,31.68,-1.096,-0.978,0.867,-2.077,-1.25,-1.477,-0.025,0.128
1519,10.909,-0.542,352.18,-138.753,-154.308,-56.254,-12.594,-5.126,292.337,-244.634,106.636,30.543,-1.082,-0.999,0.884,-2.108,-1.252,-1.502,-0.03,0.123
1520,10.661,-0.721,351.729,-141.985,-156.134,-61.048,-12.249,-4.948,291.909,-247.692,104.885,32.767,-1.097,-1.023,0.871,-2.138,-1.267,-1.529,-0.035,0.118
1521,10.921,-0.669,350.854,-135.68,-156.168,-58.603,-12.387,-4.869,291.909,-247.692,104.885,30.91,-1.1,-0.98,0.871,-2.139,-1.253,-1.506,-0.04,0.113
1522,10.388,-0.854,350.861,-129.259,-156.131,-54.382,-12.868,-4.723,291.04,-253.928,104.939,32.26,-1.101,-0.933,0.872,-2.2,-1.272,-1.508,-0.045,0.108
1523,10.589,-0.523,349.989,-135.558,-156.224,-57.613,-12.322,-4.898,292.373,-251.007,103.008,31.712,-1.104,-0.982,0.853,-2.164,-1.238,-1.52,-0.05,0.103
1524,10.512,-0.917,350.41,-132.49,-157.957,-59.355,-12.42,-4.767,291.909,-247.692,104.885,32.01,-1.115,-0.958,0.871,-2.139,-1.254,-1.495,-0.055,0.098
1525,10.474,-0.768,349.989,-135.558,-156.224,-56.364,-12.63,-4.856,291.909,-247.692,104.885,29.506,-1.104,-0.982,0.87,-2.139,-1.241,-1.508,-0.06,0.093
1526,10.379,-0.907,349.989,-135.558,-156.224,-59.648,-12.377,-4.755,292.373,-251.007,103.008,26.766,-1.104,-0.981,0.853,-2.165,-1.239,-1.52,-0.065,0.088
1527,10.733,-0.869,350.41,-132.49,-157.957,-54.432,-12.682,-5.212,292.791,-253.992,104.698,27.022,-1.114,-0.958,0.865,-2.186,-1.237,-1.517,-0.069,0.083
1528,10.743,-0.896,350.861,-129.259,-156.131,-53.414,-12.542,-5.3,292.791,-253.992,104.698,35.942,-1.1,-0.933,0.866,-2.185,-1.237,-1.503,-0.074,0.078
1529,10.865,-0.649,350.41,-132.49,-157.957,-51.792,-12.773,-5.294,292.791,-253.992,104.698,30.615,-1.114,-0.959,0.865,-2.186,-1.237,-1.517,-0.078,0.073
1530,10.695,-0.471,350.861,-129.259,-156.131,-56.575,-12.362,-5.517,293.673,-260.292,104.51,32.111,-1.1,-0.934,0.862,-2.233,-1.22,-1.526,-0.082,0.069
1531,10.873,-0.677,350.83,-129.422,-159.69,-49.965,-12.72,-5.348,292.791,-253.992,104.698,32.783,-1.125,-0.935,0.865,-2.185,-1.25,-1.504,-0.086,0.064
1532,11.047,-0.429,349.987,-122.954,-156.165,-56.948,-12.588,-5.527,293.255,-257.307,102.821,32.426,-1.102,-0.891,0.848,-2.21,-1.221,-1.492,-0.09,0.059
1533,10.786,-0.239,350.407,-119.886,-157.898,-52.632,-12.679,-5.387,293.255,-257.307,102.821,32.728,-1.114,-0.868,0.848,-2.21,-1.235,-1.48,-0.094,0.055
1534,10.784,-0.417,350.838,-123.001,-159.653,-52.929,-12.542,-5.479,294.101,-257.233,106.261,36.008,-1.125,-0.889,0.875,-2.203,-1.218,-1.488,-0.098,0.051
1535,10.701,-0.411,350.838,-123.001,-159.653,-54.803,-12.585,-5.528,292.791,-253.992,104.698,35.249,-1.125,-0.889,0.866,-2.185,-1.251,-1.479,-0.101,0.047
1536,10.61,-0.113,350.407,-119.886,-157.898,-52.271,-12.439,-5.438,293.696,-254.129,101.017,34.962,-1.114,-0.869,0.832,-2.179,-1.233,-1.466,-0.104,0.043
1537,10.653,-0.154,349.532,-113.581,-157.932,-57.11,-12.802,-5.209,294.542,-254.055,104.457,33.158,-1.117,-0.825,0.858,-2.173,-1.19,-1.442,-0.108,0.039
1538,10.688,0.055,350.405,-107.281,-157.839,-52.996,-12.35,-4.981,294.565,-260.549,104.384,33.588,-1.114,-0.778,0.859,-2.23,-1.203,-1.441,-0.111,0.035
1539,10.923,-0.337,349.509,-107.323,-161.454,-54.234,-12.679,-4.95,294.542,-254.055,104.457,33.443,-1.142,-0.779,0.858,-2.174,-1.203,-1.417,-0.113,0.032
1540,10.907,-0.377,349.509,-107.323,-161.454,-52.624,-12.672,-5.078,294.542,-254.055,104.457,32.39,-1.142,-0.779,0.858,-2.174,-1.203,-1.417,-0.116,0.029
1541,10.822,-0.119,349.078,-104.208,-159.699,-56.805,-12.849,-5.074,294.565,-260.549,104.384,31.654,-1.131,-0.758,0.857,-2.23,-1.189,-1.431,-0.119,0.027
1542,10.875,-0.354,348.648,-101.093,-157.945,-54.664,-12.551,-4.987,294.97,-250.997,106.207,36.309,-1.12,-0.735,0.872,-2.145,-1.16,-1.381,-0.121,0.024
1543,10.656,-0.084,349.099,-97.861,-156.119,-57.161,-12.325,-4.992,294.542,-254.055,104.457,23.919,-1.105,-0.712,0.859,-2.174,-1.175,-1.381,-0.123,0.022
1544,10.75,0.174,348.204,-97.903,-159.733,-55.022,-12.497,-4.986,294.97,-250.997,106.207,30.31,-1.134,-0.715,0.873,-2.145,-1.16,-1.37,-0.125,0.02
1545,10.533,0.024,348.204,-97.903,-159.733,-50.504,-12.804,-4.897,294.542,-254.055,104.457,32.793,-1.135,-0.714,0.858,-2.174,-1.176,-1.383,-0.126,0.019
1546,10.571,0.006,348.655,-94.671,-157.908,-58.559,-12.758,-4.857,294.542,-254.055,104.457,28.515,-1.12,-0.69,0.858,-2.175,-1.176,-1.37,-0.127,0.018
1547,10.572,0.412,348.655,-94.671,-157.908,-56.036,-12.988,-4.982,294.97,-250.997,106.207,32.053,-1.12,-0.691,0.871,-2.145,-1.161,-1.357,-0.129,0.017
1548,10.44,0.338,349.099,-97.861,-156.119,-56.221,-12.45,-5.072,295.424,-260.355,104.27,24.974,-1.106,-0.713,0.855,-2.221,-1.159,-1.404,-0.13,0.016
1549,10.657,0.147,349.086,-97.786,-159.662,-57.535,-13.08,-4.894,295.424,-260.355,104.27,28.482,-1.131,-0.712,0.853,-2.222,-1.174,-1.404,-0.13,0.016
1550,10.594,0.147,348.655,-94.671,-157.908,-56.808,-12.532,-5.216,295.852,-257.297,106.02,30.288,-1.12,-0.69,0.868,-2.192,-1.144,-1.379,-0.131,0.015
1551,10.612,-0.03,348.655,-94.671,-157.908,-59.216,-12.853,-4.842,296.27,-260.281,107.709,29.284,-1.12,-0.69,0.88,-2.215,-1.129,-1.39,-0.132,0.015
1552,10.786,0.36,348.655,-94.671,-157.908,-55.447,-12.81,-4.751,296.27,-260.281,107.709,32.442,-1.12,-0.691,0.881,-2.216,-1.129,-1.391,-0.132,0.015
1553,10.134,0.455,347.783,-100.971,-158,-52.841,-12.806,-4.89,295.842,-263.34,105.959,27.813,-1.125,-0.739,0.867,-2.245,-1.132,-1.431,-0.132,0.015
1554,10.84,0.726,348.235,-97.74,-156.175,-57.718,-12.681,-4.619,295.842,-263.34,105.959,31.775,-1.108,-0.715,0.867,-2.245,-1.131,-1.418,-0.132,0.015
1555,10.934,0.316,347.804,-94.625,-154.42,-56.77,-12.758,-4.704,296.734,-263.597,105.833,28.954,-1.096,-0.692,0.863,-2.241,-1.1,-1.405,-0.132,0.016
1556,10.517,0.628,347.363,-104.04,-156.267,-57.304,-13.034,-5.063,295.842,-263.34,105.959,21.716,-1.113,-0.763,0.866,-2.244,-1.118,-1.444,-0.131,0.016
1557,10.664,0.494,346.932,-100.925,-154.513,-60.277,-12.544,-4.712,296.306,-266.655,104.082,21.383,-1.101,-0.74,0.85,-2.27,-1.102,-1.445,-0.131,0.016
1558,10.448,0.046,346.036,-100.967,-158.127,-57.826,-12.71,-4.666,296.306,-266.655,104.082,28.156,-1.131,-0.741,0.85,-2.27,-1.102,-1.447,-0.13,0.016
1559,10.176,0.052,346.06,-107.225,-154.606,-57.778,-12.845,-5.018,295.865,-269.833,105.886,27.809,-1.105,-0.787,0.866,-2.3,-1.091,-1.484,-0.129,0.016
1560,10.582,-0.257,346.48,-104.156,-156.338,-57.134,-13.024,-5.374,296.77,-269.97,102.205,30.633,-1.116,-0.763,0.831,-2.293,-1.101,-1.469,-0.128,0.016
1561,10.441,-0.18,346.48,-104.156,-156.338,-58.882,-12.893,-5.111,296.77,-269.97,102.205,23.884,-1.116,-0.763,0.832,-2.294,-1.101,-1.469,-0.126,0.016
1562,10.257,-0.516,346.491,-110.34,-156.36,-55.901,-13.152,-5.424,297.189,-272.955,103.895,30.595,-1.117,-0.807,0.844,-2.315,-1.087,-1.503,-0.125,0.016
1563,10.293,-0.256,346.491,-110.34,-156.36,-54.229,-12.57,-5.335,296.747,-276.133,105.699,26.786,-1.117,-0.808,0.863,-2.346,-1.087,-1.517,-0.123,0.015
1564,10.301,0.014,346.491,-110.34,-156.36,-57.911,-12.791,-5.378,297.189,-272.955,103.895,27.489,-1.117,-0.809,0.845,-2.315,-1.086,-1.504,-0.121,0.015
1565,10.442,-0.17,346.039,-113.571,-158.186,-59.03,-12.887,-5.419,297.189,-272.955,103.895,23.56,-1.131,-0.833,0.845,-2.315,-1.086,-1.518,-0.12,0.014
1566,10.772,-0.007,346.063,-119.829,-154.664,-57.403,-12.924,-4.969,297.189,-272.955,103.895,29.621,-1.104,-0.879,0.845,-2.316,-1.072,-1.543,-0.118,0.013
1567,10.828,-0.436,346.491,-110.34,-156.36,-57.828,-12.844,-5.379,297.189,-272.955,103.895,32.077,-1.115,-0.808,0.845,-2.315,-1.085,-1.504,-0.116,0.012
1568,10.358,0.022,346.935,-113.529,-154.571,-52.438,-13.141,-5.691,297.211,-279.448,103.822,29.895,-1.102,-0.831,0.843,-2.369,-1.087,-1.541,-0.114,0.011
1569,10.344,-0.263,346.063,-119.829,-154.664,-61.642,-12.92,-5.235,297.653,-276.27,102.018,31.794,-1.105,-0.879,0.828,-2.34,-1.071,-1.554,-0.112,0.009
1570,10.083,-0.083,346.07,-113.408,-154.627,-60.758,-12.615,-5.509,297.607,-275.939,105.584,27.154,-1.106,-0.832,0.859,-2.337,-1.058,-1.528,-0.109,0.008
1571,10.662,0.191,345.188,-113.525,-154.698,-54.304,-12.706,-5.595,297.166,-279.117,107.388,25.731,-1.108,-0.836,0.876,-2.367,-1.045,-1.544,-0.107,0.006
1572,10.636,-0.34,345.632,-116.714,-152.91,-58.803,-13.106,-5.331,296.761,-276.013,102.144,29.606,-1.093,-0.857,0.831,-2.345,-1.074,-1.544,-0.105,0.005
1573,10.173,-0.125,345.188,-113.525,-154.698,-53.554,-12.755,-5.562,297.166,-279.117,107.388,27.053,-1.109,-0.835,0.875,-2.367,-1.045,-1.544,-0.102,0.003
1574,10.226,0.092,344.768,-116.593,-152.965,-57.087,-12.734,-5.462,297.63,-282.433,105.511,31.414,-1.097,-0.859,0.858,-2.392,-1.03,-1.569,-0.099,0.001
1575,10.353,0.141,345.632,-116.714,-152.91,-58.413,-12.982,-5.737,297.607,-275.939,105.584,28.149,-1.094,-0.858,0.858,-2.336,-1.044,-1.542,-0.097,-0.001
1576,10.208,-0.259,345.64,-110.293,-152.873,-56.344,-12.711,-5.649,297.607,-275.939,105.584,26.029,-1.094,-0.81,0.859,-2.336,-1.044,-1.516,-0.094,-0.003
1577,10.478,0.35,344.768,-116.593,-152.965,-57.093,-12.968,-5.284,298.071,-279.255,103.707,27.478,-1.097,-0.86,0.841,-2.362,-1.029,-1.556,-0.091,-0.006
1578,10.447,0.239,345.188,-113.525,-154.698,-54.898,-13.198,-5.145,298.071,-279.255,103.707,26.001,-1.108,-0.836,0.84,-2.363,-1.043,-1.543,-0.088,-0.008
1579,10.498,0.27,345.663,-116.551,-149.351,-55.633,-12.978,-5.544,298.917,-279.181,107.147,26.784,-1.067,-0.857,0.867,-2.354,-0.999,-1.551,-0.085,-0.01
1580,9.983,0.355,346.063,-119.829,-154.664,-58.75,-12.93,-5.372,298.489,-282.239,105.397,24.961,-1.106,-0.881,0.854,-2.384,-1.042,-1.577,-0.082,-0.012
1581,10.754,0.118,346.094,-119.666,-151.106,-56.981,-13.166,-5.325,298.071,-279.255,103.707,20.028,-1.078,-0.879,0.84,-2.362,-1.043,-1.565,-0.079,-0.015
1582,10.278,0.134,345.642,-122.898,-152.931,-52.134,-12.974,-4.969,298.453,-275.866,109.024,27.118,-1.094,-0.904,0.885,-2.331,-1.015,-1.565,-0.076,-0.017
1583,10.595,0.627,344.316,-119.825,-154.791,-56.899,-12.889,-4.845,298.498,-276.197,105.458,23.204,-1.111,-0.886,0.855,-2.334,-1.013,-1.558,-0.073,-0.02
1584,10.448,0.489,345.642,-122.898,-152.931,-56.305,-13.06,-4.879,298.071,-279.255,103.707,24.252,-1.094,-0.905,0.84,-2.363,-1.043,-1.58,-0.07,-0.022
1585,10.319,0.414,345.212,-119.783,-151.177,-52.939,-12.842,-4.975,298.035,-272.881,107.335,26.803,-1.083,-0.883,0.872,-2.309,-1.015,-1.544,-0.067,-0.025
1586,10.584,0.173,344.768,-116.593,-152.965,-61.276,-12.845,-5.015,297.189,-272.955,103.895,27.853,-1.096,-0.859,0.845,-2.316,-1.045,-1.534,-0.064,-0.027
1587,10.139,0.405,345.642,-122.898,-152.931,-55.28,-12.77,-5.11,297.189,-272.955,103.895,25.629,-1.095,-0.904,0.845,-2.316,-1.059,-1.557,-0.061,-0.029
1588,10.353,0.104,344.34,-126.083,-151.269,-54.52,-12.884,-5.152,297.616,-269.897,105.645,27.153,-1.086,-0.93,0.859,-2.286,-1.016,-1.559,-0.058,-0.032
1589,10.457,0.286,344.34,-126.083,-151.269,-53.776,-12.622,-5.289,297.607,-275.939,105.584,26.077,-1.086,-0.931,0.859,-2.337,-1.016,-1.583,-0.055,-0.034
1590,10.217,0.49,344.34,-126.083,-151.269,-53.809,-12.616,-5.062,298.035,-272.881,107.335,26.479,-1.086,-0.931,0.873,-2.309,-1.001,-1.57,-0.052,-0.037
1591,10.011,0.83,344.34,-126.083,-151.269,-50.894,-12.621,-5.154,297.607,-275.939,105.584,25.702,-1.087,-0.932,0.859,-2.338,-1.017,-1.584,-0.049,-0.039
1592,10.357,0.446,343.895,-122.893,-153.058,-56.612,-13.114,-5.199,297.607,-275.939,105.584,24.928,-1.1,-0.909,0.858,-2.338,-1.017,-1.572,-0.046,-0.042
1593,10.663,0.082,343.888,-129.314,-153.095,-54.357,-12.793,-5.689,298.071,-279.255,103.707,24.967,-1.1,-0.955,0.841,-2.361,-1.014,-1.608,-0.043,-0.044
1594,10.23,0.261,344.77,-129.198,-153.024,-53.002,-13.061,-5.519,298.489,-282.239,105.397,24.917,-1.098,-0.953,0.854,-2.383,-1.015,-1.617,-0.04,-0.047
1595,10.429,0.492,344.794,-135.456,-149.502,-53.495,-13.241,-5.557,298.489,-282.239,105.397,28.868,-1.071,-0.999,0.853,-2.383,-1.001,-1.641,-0.037,-0.049
1596,10.707,-0.311,344.342,-138.687,-151.328,-53.712,-13.23,-5.776,298.466,-288.402,108.89,30.622,-1.085,-1.022,0.883,-2.435,-0.987,-1.678,-0.034,-0.052
1597,10.28,-0.065,344.773,-141.802,-153.083,-52.983,-13.1,-5.694,299.335,-282.166,108.836,28.89,-1.098,-1.044,0.88,-2.375,-0.985,-1.663,-0.031,-0.055
1598,10.451,-0.333,345.224,-138.571,-151.257,-52.519,-13.133,-5.871,299.371,-288.539,105.209,27.129,-1.083,-1.019,0.849,-2.429,-0.999,-1.673,-0.028,-0.058
1599,10.34,-0.431,345.224,-138.571,-151.257,-58.253,-12.83,-5.507,299.371,-288.539,105.209,28.982,-1.083,-1.018,0.85,-2.43,-0.998,-1.674,-0.025,-0.062
1600,10.537,-0.109,344.773,-141.802,-153.083,-53.619,-12.734,-5.635,298.93,-291.717,107.013,30.046,-1.097,-1.044,0.867,-2.46,-0.999,-1.702,-0.022,-0.065
1601,10.415,0.121,344.773,-141.802,-153.083,-54.79,-12.643,-6.132,298.93,-291.717,107.013,27.536,-1.098,-1.045,0.867,-2.458,-0.999,-1.701,-0.02,-0.069
1602,10.182,-0.102,344.773,-141.802,-153.083,-52.119,-12.872,-5.466,299.371,-288.539,105.209,26.797,-1.098,-1.044,0.85,-2.43,-0.998,-1.688,-0.017,-0.073
1603,10.4,-0.387,344.797,-148.06,-149.561,-51.143,-13.323,-6.226,299.371,-288.539,105.209,28.511,-1.072,-1.09,0.849,-2.428,-0.985,-1.711,-0.014,-0.077
1604,10.346,-0.514,344.797,-148.06,-149.561,-50.395,-12.829,-6.091,299.371,-288.539,105.209,26.422,-1.072,-1.089,0.85,-2.428,-0.985,-1.711,-0.011,-0.081
1605,10.383,-0.017,344.352,-144.871,-151.35,-54.661,-12.559,-5.731,299.371,-288.539,105.209,25.719,-1.086,-1.069,0.851,-2.429,-0.984,-1.701,-0.008,-0.085
1606,10.656,-0.581,344.773,-141.802,-153.083,-54.853,-12.819,-5.641,299.371,-288.539,105.209,27.883,-1.097,-1.043,0.85,-2.429,-0.998,-1.687,-0.006,-0.089
1607,10.41,-0.388,343.922,-141.756,-149.595,-50.304,-13.06,-5.55,299.799,-285.481,106.96,25.302,-1.075,-1.046,0.863,-2.4,-0.956,-1.677,-0.003,-0.093
1608,10.434,0.051,343.47,-144.987,-151.421,-55.662,-13.094,-5.46,299.371,-288.539,105.209,25.053,-1.09,-1.072,0.849,-2.43,-0.971,-1.705,0,-0.097
1609,10.709,0.012,343.47,-144.987,-151.421,-53.203,-12.661,-5.777,299.371,-288.539,105.209,23.939,-1.089,-1.072,0.851,-2.429,-0.97,-1.704,0.003,-0.102
1610,10.367,-0.293,343.47,-144.987,-151.421,-50.046,-12.746,-5.289,299.799,-285.481,106.96,22.888,-1.09,-1.071,0.864,-2.401,-0.955,-1.691,0.005,-0.106
1611,10.255,-0.351,343.026,-141.798,-153.21,-55.281,-13.094,-5.146,299.799,-285.481,106.96,26.075,-1.105,-1.049,0.863,-2.402,-0.956,-1.68,0.008,-0.11
1612,10.516,-0.395,343.47,-144.987,-151.421,-55.044,-13.134,-5.416,299.799,-285.481,106.96,26.459,-1.089,-1.071,0.863,-2.401,-0.955,-1.691,0.011,-0.114
1613,10.354,-0.104,342.175,-141.751,-149.722,-54.694,-13.31,-5.412,299.835,-291.855,103.333,25.676,-1.081,-1.052,0.831,-2.455,-0.942,-1.707,0.014,-0.119
1614,10.171,-0.396,343.018,-148.219,-153.246,-56.321,-12.648,-5.816,299.799,-285.481,106.96,23.686,-1.105,-1.096,0.864,-2.399,-0.955,-1.704,0.016,-0.123
1615,10.523,-0.307,343.47,-144.987,-151.421,-53.573,-13.148,-5.867,299.371,-288.539,105.209,28.528,-1.089,-1.071,0.849,-2.429,-0.971,-1.703,0.019,-0.127
1616,10.617,-0.702,343.47,-144.987,-151.421,-51.205,-12.828,-5.78,299.799,-285.481,106.96,26.784,-1.089,-1.07,0.864,-2.4,-0.955,-1.69,0.022,-0.131
1617,10.227,-0.614,343.026,-141.798,-153.21,-55.651,-13.105,-5.687,299.799,-285.481,106.96,29.646,-1.105,-1.048,0.863,-2.4,-0.956,-1.679,0.025,-0.135
1618,10.498,-0.699,343.47,-144.987,-151.421,-57.111,-12.782,-5.683,299.371,-288.539,105.209,26.507,-1.089,-1.07,0.85,-2.429,-0.97,-1.703,0.027,-0.139
1619,10.437,-0.612,344.342,-138.687,-151.328,-57.502,-13.05,-5.55,300.24,-282.303,105.156,26.815,-1.086,-1.021,0.847,-2.37,-0.968,-1.649,0.03,-0.143
1620,10.384,-0.313,344.342,-138.687,-151.328,-60.255,-13.099,-5.871,299.371,-288.539,105.209,26.748,-1.086,-1.022,0.849,-2.429,-0.985,-1.676,0.033,-0.146
1621,10.226,-0.395,344.342,-138.687,-151.328,-56.822,-13.011,-5.594,300.24,-282.303,105.156,29.714,-1.087,-1.022,0.847,-2.37,-0.968,-1.65,0.035,-0.15
1622,10.49,-0.046,343.898,-135.498,-153.117,-58.126,-12.828,-5.382,299.799,-285.481,106.96,30.693,-1.101,-1.001,0.864,-2.401,-0.969,-1.653,0.037,-0.153
1623,10.407,-0.259,344.342,-138.687,-151.328,-53.734,-13.049,-5.769,300.24,-282.303,105.156,27.91,-1.086,-1.022,0.847,-2.369,-0.968,-1.65,0.04,-0.156
1624,10.396,-0.751,343.898,-135.498,-153.117,-58.113,-12.967,-5.602,300.668,-279.245,106.906,25.704,-1.101,-0.999,0.86,-2.341,-0.953,-1.625,0.042,-0.159
1625,10.617,0.031,344.77,-129.198,-153.024,-55.825,-12.911,-5.738,299.335,-282.166,108.836,28.587,-1.097,-0.952,0.881,-2.375,-0.984,-1.613,0.044,-0.162
1626,9.959,0,343.919,-129.151,-149.537,-56.893,-12.875,-5.736,298.917,-279.181,107.147,25.337,-1.076,-0.954,0.868,-2.353,-0.972,-1.605,0.046,-0.165
1627,10.39,0.432,344.34,-126.083,-151.269,-57.057,-12.918,-5.465,299.763,-279.107,110.587,28.581,-1.086,-0.931,0.894,-2.347,-0.955,-1.59,0.048,-0.167
1628,10.919,-0.152,343.465,-119.778,-151.304,-56.123,-12.605,-5.783,299.808,-279.438,107.021,25.776,-1.087,-0.885,0.865,-2.348,-0.953,-1.567,0.05,-0.169
1629,10.537,0.176,343.465,-119.778,-151.304,-58.868,-13.102,-5.642,299.786,-272.945,107.094,25.028,-1.088,-0.886,0.864,-2.294,-0.955,-1.542,0.052,-0.171
1630,10.291,-0.109,343.465,-119.778,-151.304,-58.502,-13.18,-5.06,299.358,-276.003,105.343,27.552,-1.089,-0.885,0.85,-2.325,-0.97,-1.556,0.054,-0.172
1631,10.28,0.129,343.885,-116.71,-153.036,-58.327,-13.189,-5.472,299.786,-272.945,107.094,27.809,-1.101,-0.862,0.864,-2.295,-0.969,-1.529,0.056,-0.173
1632,10.187,0.136,343.465,-119.778,-151.304,-59.001,-12.742,-5.069,299.786,-272.945,107.094,30.373,-1.089,-0.886,0.865,-2.296,-0.955,-1.543,0.058,-0.173
1633,10.051,0.273,343.465,-119.778,-151.304,-57.572,-12.872,-5.471,299.786,-272.945,107.094,25.405,-1.09,-0.887,0.865,-2.295,-0.955,-1.543,0.06,-0.174
1634,10.445,0.344,343.893,-110.288,-152.999,-58.008,-13.237,-5.115,299.322,-269.629,108.97,24.646,-1.1,-0.816,0.881,-2.271,-0.97,-1.493,0.061,-0.174
1635,9.815,0.079,343.893,-110.288,-152.999,-58.086,-12.885,-5.192,299.322,-269.629,108.97,25.406,-1.102,-0.815,0.882,-2.271,-0.971,-1.492,0.063,-0.174
1636,10.715,0.429,344.337,-113.478,-151.211,-55.917,-12.529,-5.515,300.213,-269.887,108.844,27.218,-1.084,-0.838,0.88,-2.265,-0.952,-1.503,0.065,-0.173
1637,10.398,0.038,344.736,-116.756,-156.524,-60.984,-12.928,-5.466,300.213,-269.887,108.844,21.432,-1.123,-0.86,0.878,-2.265,-0.981,-1.514,0.066,-0.172
1638,10.305,-0.279,343.893,-110.288,-152.999,-63.383,-12.742,-5.646,300.655,-266.709,107.04,26.514,-1.1,-0.814,0.862,-2.235,-0.952,-1.477,0.068,-0.171
1639,10.289,0.047,343.441,-113.52,-154.825,-56.996,-13.192,-5.736,299.75,-266.571,110.721,26.459,-1.115,-0.84,0.895,-2.24,-0.955,-1.492,0.069,-0.17
1640,10.319,-0.218,343.893,-110.288,-152.999,-53.129,-12.977,-5.162,299.322,-269.629,108.97,28.522,-1.1,-0.814,0.882,-2.271,-0.97,-1.492,0.071,-0.168
1641,10.346,0.126,343.893,-110.288,-152.999,-56.26,-13.095,-5.827,299.75,-266.571,110.721,22.876,-1.1,-0.815,0.895,-2.24,-0.955,-1.478,0.072,-0.166
1642,10.89,-0.248,343.862,-110.452,-156.558,-60.736,-13.332,-5.341,298.867,-260.271,110.908,27.033,-1.125,-0.815,0.898,-2.194,-0.984,-1.456,0.073,-0.164
1643,10.312,0.319,344.757,-110.41,-152.944,-55.182,-13.292,-5.289,299.331,-263.587,109.031,29.963,-1.097,-0.814,0.881,-2.219,-0.984,-1.467,0.074,-0.162
1644,10.314,0.456,345.209,-107.178,-151.118,-57.592,-13.032,-5.516,298.44,-263.33,109.158,26.04,-1.082,-0.79,0.886,-2.223,-1,-1.454,0.076,-0.16
1645,10.362,0.265,344.313,-107.22,-154.732,-58.135,-13.118,-5.427,298.867,-260.271,110.908,24.639,-1.111,-0.792,0.899,-2.194,-0.985,-1.443,0.077,-0.157
1646,10.319,-0.009,345.185,-100.92,-154.64,-62.006,-12.937,-5.78,299.331,-263.587,109.031,28.22,-1.108,-0.743,0.882,-2.218,-0.997,-1.428,0.077,-0.154
1647,10.544,0.625,345.63,-104.11,-152.851,-59.435,-12.8,-5.383,299.309,-257.093,109.104,30.358,-1.093,-0.767,0.884,-2.164,-0.997,-1.415,0.078,-0.151
1648,10.444,0.681,345.63,-104.11,-152.851,-61.653,-12.442,-5.08,298.449,-257.287,109.219,21.457,-1.093,-0.767,0.888,-2.173,-1.012,-1.418,0.079,-0.148
1649,10.345,0.914,346.502,-97.81,-152.758,-62.652,-12.62,-5.262,297.985,-253.971,111.096,24.99,-1.09,-0.72,0.905,-2.147,-1.028,-1.38,0.079,-0.144
1650,10.264,0.44,346.502,-97.81,-152.758,-60.123,-12.238,-5.212,297.103,-247.671,111.283,27.155,-1.09,-0.718,0.911,-2.1,-1.044,-1.356,0.08,-0.141
1651,10.43,0.563,346.932,-100.925,-154.513,-59.976,-12.674,-5.117,297.139,-254.045,107.656,25.048,-1.101,-0.741,0.878,-2.155,-1.072,-1.393,0.08,-0.137
1652,10.02,0.567,345.637,-97.688,-152.814,-62.545,-12.988,-4.403,296.685,-244.687,109.594,26.787,-1.094,-0.72,0.895,-2.08,-1.046,-1.348,0.08,-0.132
1653,10.267,0.971,346.502,-97.81,-152.758,-61.523,-12.764,-4.796,295.816,-250.923,109.647,26.022,-1.09,-0.72,0.899,-2.138,-1.076,-1.373,0.079,-0.128
1654,10.35,0.655,345.627,-91.505,-152.792,-61.313,-12.945,-4.941,296.257,-247.745,107.843,27.073,-1.093,-0.674,0.881,-2.108,-1.061,-1.336,0.079,-0.123
1655,10.19,0.932,346.057,-94.62,-154.547,-58.372,-12.459,-4.719,295.352,-247.608,111.524,25.682,-1.105,-0.697,0.917,-2.114,-1.077,-1.349,0.078,-0.119
1656,10.434,1.192,345.606,-97.852,-156.373,-57.683,-12.722,-5.119,296.685,-244.687,109.594,24.616,-1.119,-0.723,0.896,-2.078,-1.059,-1.349,0.077,-0.114
1657,10.27,0.973,345.637,-97.688,-152.814,-60.094,-12.643,-4.984,296.257,-247.745,107.843,29.247,-1.093,-0.721,0.882,-2.107,-1.061,-1.361,0.077,-0.108
1658,10.797,0.395,346.05,-101.041,-154.584,-63.465,-12.944,-4.941,296.257,-247.745,107.843,24.251,-1.104,-0.743,0.881,-2.108,-1.074,-1.372,0.075,-0.103
1659,10.428,0.608,346.05,-101.041,-154.584,-62.966,-12.545,-5.076,296.698,-257.223,109.46,24.249,-1.105,-0.743,0.895,-2.185,-1.059,-1.409,0.074,-0.098
1660,10.401,0.618,346.057,-94.62,-154.547,-58.461,-12.766,-5.885,296.698,-257.223,109.46,23.868,-1.104,-0.696,0.894,-2.182,-1.059,-1.382,0.073,-0.093
1661,10.098,0.542,346.512,-103.993,-152.78,-58.589,-12.709,-5.793,296.698,-257.223,109.46,27.863,-1.091,-0.764,0.895,-2.183,-1.06,-1.418,0.071,-0.088
1662,10.673,0.093,346.932,-100.925,-154.513,-59.223,-12.942,-5.654,297.139,-254.045,107.656,22.864,-1.101,-0.739,0.877,-2.153,-1.072,-1.391,0.07,-0.083
1663,10.529,-0.07,347.376,-104.114,-152.724,-57.473,-12.84,-6.143,296.27,-260.281,107.709,25.334,-1.087,-0.761,0.881,-2.211,-1.089,-1.428,0.068,-0.078
1664,10.485,-0.052,347.353,-97.856,-156.246,-62.453,-13.256,-5.88,296.698,-257.223,109.46,24.172,-1.112,-0.715,0.893,-2.182,-1.088,-1.391,0.067,-0.073
1665,10.612,-0.052,347.783,-100.971,-158,-55.848,-12.681,-5.875,296.698,-257.223,109.46,24.65,-1.124,-0.737,0.895,-2.182,-1.1,-1.403,0.065,-0.069
1666,10.444,0.01,347.783,-100.971,-158,-60.898,-13.022,-5.881,296.698,-257.223,109.46,23.852,-1.124,-0.737,0.894,-2.182,-1.101,-1.403,0.063,-0.064
1667,10.24,-0.095,348.225,-91.556,-156.153,-57.482,-12.806,-5.426,296.698,-257.223,109.46,30.697,-1.11,-0.668,0.894,-2.184,-1.101,-1.365,0.061,-0.06
1668,10.071,0.254,347.804,-94.625,-154.42,-58.919,-12.714,-6.107,296.27,-260.281,107.709,28.142,-1.099,-0.692,0.881,-2.211,-1.103,-1.391,0.059,-0.055
1669,10.647,0.316,347.783,-100.971,-158,-61.699,-12.484,-5.873,296.698,-257.223,109.46,30.4,-1.123,-0.738,0.895,-2.182,-1.1,-1.403,0.057,-0.051
1670,10.616,-0.024,347.804,-94.625,-154.42,-58.353,-12.541,-6.05,296.698,-257.223,109.46,30.712,-1.097,-0.691,0.895,-2.182,-1.086,-1.377,0.055,-0.047
1671,10.58,0.571,347.804,-94.625,-154.42,-60.945,-13.118,-5.608,296.698,-257.223,109.46,28.138,-1.097,-0.693,0.893,-2.183,-1.087,-1.379,0.053,-0.043
1672,10.707,0.273,348.225,-91.556,-156.153,-59.42,-12.582,-5.613,296.27,-260.281,107.709,30.287,-1.108,-0.669,0.881,-2.213,-1.115,-1.378,0.05,-0.039
1673,10.713,0.59,346.93,-88.32,-154.454,-58.366,-12.627,-5.43,296.721,-251.061,105.967,29.276,-1.1,-0.648,0.865,-2.131,-1.086,-1.332,0.048,-0.035
1674,10.609,0.886,347.381,-85.088,-152.628,-62.357,-12.404,-5.084,296.721,-251.061,105.967,30.31,-1.086,-0.625,0.866,-2.132,-1.086,-1.319,0.046,-0.031
1675,10.531,0.982,346.927,-75.715,-154.395,-60.919,-12.904,-5.47,296.721,-251.061,105.967,29.598,-1.1,-0.557,0.864,-2.131,-1.086,-1.283,0.043,-0.027
1676,10.12,0.738,347.358,-78.83,-156.15,-62.865,-12.719,-5.17,296.721,-251.061,105.967,26.387,-1.113,-0.579,0.865,-2.132,-1.1,-1.294,0.041,-0.022
1677,10.444,1.148,346.475,-78.947,-156.221,-59.244,-12.861,-5.481,296.257,-247.745,107.843,29.926,-1.115,-0.582,0.882,-2.106,-1.088,-1.284,0.039,-0.018
1678,10.456,1.175,346.452,-72.689,-159.743,-55.628,-12.414,-4.986,296.721,-251.061,105.967,28.932,-1.141,-0.536,0.866,-2.132,-1.099,-1.273,0.037,-0.014
1679,10.446,1.204,345.601,-72.642,-156.255,-55.516,-12.633,-5.122,296.257,-247.745,107.843,33.181,-1.118,-0.537,0.882,-2.107,-1.074,-1.262,0.035,-0.009
1680,10.674,1.245,345.601,-72.642,-156.255,-59.141,-12.45,-5.517,296.721,-251.061,105.967,28.587,-1.118,-0.537,0.866,-2.131,-1.071,-1.273,0.032,-0.004
1681,10.649,1.619,346.052,-69.411,-154.43,-60.891,-12.72,-5.784,296.721,-251.061,105.967,29.28,-1.103,-0.514,0.865,-2.13,-1.072,-1.26,0.03,0
1682,10.758,1.356,346.473,-66.342,-156.162,-59.483,-12.417,-5.347,296.28,-254.239,107.77,25.342,-1.114,-0.49,0.882,-2.162,-1.086,-1.261,0.028,0.005
1683,10.656,1.424,346.903,-69.457,-157.917,-61.029,-12.45,-5.343,296.721,-251.061,105.967,27.205,-1.126,-0.513,0.866,-2.131,-1.099,-1.259,0.026,0.01
1684,10.621,0.892,346.903,-69.457,-157.917,-61.457,-12.903,-5.66,296.257,-247.745,107.843,27.436,-1.126,-0.511,0.881,-2.105,-1.101,-1.245,0.024,0.015
1685,10.704,0.266,348.206,-66.272,-159.579,-59.494,-12.814,-5.302,296.257,-247.745,107.843,31.7,-1.133,-0.484,0.882,-2.106,-1.128,-1.23,0.022,0.02
1686,10.574,0.834,348.198,-72.694,-159.616,-61.595,-12.635,-5.526,295.816,-250.923,109.647,29.212,-1.134,-0.533,0.899,-2.136,-1.13,-1.269,0.02,0.025
1687,10.536,0.522,348.198,-72.694,-159.616,-59.506,-12.775,-5.71,295.839,-244.761,106.154,28.132,-1.134,-0.532,0.869,-2.082,-1.143,-1.244,0.018,0.03
1688,10.351,0.685,348.198,-72.694,-159.616,-61.08,-12.683,-5.481,295.839,-244.761,106.154,27.841,-1.135,-0.532,0.869,-2.083,-1.144,-1.245,0.016,0.035
1689,10.251,0.483,348.198,-72.694,-159.616,-62.017,-12.675,-5.485,295.839,-244.761,106.154,31.356,-1.135,-0.532,0.869,-2.083,-1.144,-1.244,0.014,0.04
1690,10.52,0.478,348.198,-72.694,-159.616,-60.638,-12.453,-5.435,295.398,-247.939,107.958,30.717,-1.134,-0.532,0.887,-2.114,-1.144,-1.258,0.012,0.045
1691,10.557,0.211,347.778,-75.762,-157.883,-65.215,-12.631,-5.43,295.398,-247.939,107.958,25.697,-1.123,-0.554,0.886,-2.114,-1.131,-1.27,0.01,0.05
1692,10.514,0.36,348.198,-72.694,-159.616,-66.503,-12.42,-5.361,294.947,-244.504,106.28,30.264,-1.134,-0.531,0.874,-2.088,-1.16,-1.245,0.007,0.055
1693,10.714,0.361,348.198,-72.694,-159.616,-62.913,-12.72,-5.622,295.375,-241.445,108.031,28.512,-1.134,-0.531,0.886,-2.057,-1.145,-1.232,0.005,0.06
1694,10.772,0.497,348.198,-72.694,-159.616,-58.872,-12.462,-5.305,295.839,-244.761,106.154,28.909,-1.134,-0.532,0.87,-2.084,-1.143,-1.245,0.002,0.065
1695,10.454,0.661,347.778,-75.762,-157.883,-61.174,-12.376,-5.128,295.375,-241.445,108.031,31.02,-1.123,-0.555,0.887,-2.059,-1.131,-1.246,0,0.07
1696,10.543,1.023,348.198,-72.694,-159.616,-63.328,-12.64,-5.076,295.375,-241.445,108.031,26.368,-1.134,-0.533,0.887,-2.059,-1.145,-1.234,-0.002,0.074
1697,10.709,1.013,346.903,-69.457,-157.917,-63.274,-12.376,-5.527,295.839,-244.761,106.154,30.689,-1.126,-0.511,0.87,-2.083,-1.115,-1.235,-0.005,0.079
1698,10.698,0.749,346.903,-69.457,-157.917,-62.702,-12.405,-5.4,295.375,-241.445,108.031,27.104,-1.126,-0.511,0.887,-2.058,-1.117,-1.222,-0.007,0.084
1699,10.983,0.406,346.903,-69.457,-157.917,-62.048,-12.228,-5.344,296.267,-241.702,107.904,27.524,-1.125,-0.51,0.884,-2.054,-1.099,-1.221,-0.009,0.088
1700,10.626,0.664,347.347,-72.647,-156.128,-62.611,-12.769,-5.207,295.839,-244.761,106.154,27.08,-1.111,-0.533,0.869,-2.084,-1.116,-1.246,-0.011,0.093
1701,11.158,0.884,347.347,-72.647,-156.128,-65.076,-12.727,-5.488,295.803,-238.387,109.781,29.574,-1.11,-0.534,0.9,-2.029,-1.101,-1.221,-0.013,0.097
1702,10.49,0.8,347.778,-75.762,-157.883,-61.813,-12.781,-5.339,296.267,-241.702,107.904,26.749,-1.123,-0.556,0.882,-2.054,-1.115,-1.245,-0.015,0.101
1703,10.907,1.02,347.347,-72.647,-156.128,-61.235,-12.768,-5.089,295.803,-238.387,109.781,28.844,-1.11,-0.534,0.9,-2.03,-1.102,-1.222,-0.017,0.106
1704,10.88,0.635,346.896,-75.879,-157.954,-61.388,-12.32,-5.432,296.267,-241.702,107.904,28.267,-1.125,-0.557,0.884,-2.054,-1.1,-1.247,-0.019,0.11
1705,10.942,0.669,346.896,-75.879,-157.954,-60.897,-12.24,-5.662,296.267,-241.702,107.904,25.04,-1.125,-0.558,0.884,-2.053,-1.099,-1.247,-0.02,0.114
1706,10.59,0.728,347.778,-75.762,-157.883,-60.391,-12.764,-5.435,296.685,-244.687,109.594,30.324,-1.123,-0.555,0.896,-2.077,-1.1,-1.256,-0.022,0.118
1707,10.66,0.705,347.778,-75.762,-157.883,-65.505,-12.458,-5.216,296.257,-247.745,107.843,30.266,-1.123,-0.555,0.883,-2.107,-1.114,-1.269,-0.023,0.122
1708,10.596,1.33,347.778,-75.762,-157.883,-61.119,-12.767,-5.532,296.257,-247.745,107.843,28.835,-1.123,-0.557,0.882,-2.106,-1.115,-1.269,-0.025,0.125
1709,10.964,0.61,347.778,-75.762,-157.883,-63.882,-12.548,-5.307,296.685,-244.687,109.594,26.116,-1.122,-0.555,0.896,-2.077,-1.099,-1.256,-0.026,0.129
1710,10.528,0.784,349.073,-78.999,-159.582,-63.111,-12.452,-5.255,296.685,-244.687,109.594,28.528,-1.131,-0.577,0.897,-2.077,-1.127,-1.266,-0.027,0.132
1711,10.844,0.586,348.653,-82.067,-157.849,-65.892,-12.32,-5.481,295.375,-241.445,108.031,27.901,-1.119,-0.6,0.888,-2.058,-1.144,-1.268,-0.028,0.135
1712,10.148,0.725,347.326,-78.994,-159.709,-60.464,-12.898,-5.038,296.267,-241.702,107.904,28.876,-1.139,-0.58,0.882,-2.055,-1.115,-1.259,-0.03,0.138
1713,10.58,0.806,347.778,-75.762,-157.883,-63.403,-12.81,-5.398,295.375,-241.445,108.031,24.562,-1.123,-0.556,0.886,-2.058,-1.132,-1.246,-0.031,0.141
1714,10.496,0.756,346.896,-75.879,-157.954,-59.406,-12.87,-5.712,295.803,-238.387,109.781,26.682,-1.126,-0.558,0.9,-2.028,-1.103,-1.234,-0.032,0.144
1715,10.348,0.704,347.778,-75.762,-157.883,-63.015,-12.727,-5.251,295.803,-238.387,109.781,32.115,-1.123,-0.555,0.9,-2.029,-1.116,-1.233,-0.033,0.146
1716,10.799,0.934,347.347,-72.647,-156.128,-64.027,-12.413,-5.174,294.934,-244.623,109.835,26.781,-1.111,-0.534,0.904,-2.089,-1.118,-1.248,-0.034,0.149
1717,10.573,0.573,347.326,-78.994,-159.709,-60.086,-13.003,-5.223,294.934,-244.623,109.835,28.027,-1.138,-0.579,0.902,-2.089,-1.133,-1.273,-0.035,0.152
1718,10.714,0.714,347.371,-78.905,-152.607,-62.921,-12.81,-5.122,294.934,-244.623,109.835,30.268,-1.085,-0.579,0.903,-2.09,-1.105,-1.273,-0.036,0.154
1719,10.707,0.403,347.35,-85.252,-156.187,-61.34,-12.633,-5.391,294.934,-244.623,109.835,28.882,-1.111,-0.625,0.903,-2.089,-1.119,-1.297,-0.037,0.156
1720,10.484,0.803,347.35,-85.252,-156.187,-61.071,-12.593,-5.26,294.934,-244.623,109.835,28.862,-1.112,-0.626,0.904,-2.089,-1.119,-1.298,-0.038,0.158
1721,10.583,0.665,347.35,-85.252,-156.187,-62.153,-12.626,-5.249,295.816,-250.923,109.647,29.961,-1.112,-0.625,0.899,-2.137,-1.103,-1.321,-0.039,0.16
1722,10.582,0.458,347.781,-88.367,-157.942,-64.682,-12.675,-5.398,296.244,-247.865,111.397,26.417,-1.123,-0.647,0.913,-2.107,-1.101,-1.318,-0.04,0.162
1723,10.356,0.624,347.35,-85.252,-156.187,-63.572,-12.862,-5.481,296.685,-244.687,109.594,29.262,-1.112,-0.625,0.895,-2.077,-1.087,-1.294,-0.041,0.163
1724,10.635,0.593,348.225,-91.556,-156.153,-63.91,-12.317,-5.52,296.685,-244.687,109.594,25.421,-1.109,-0.67,0.897,-2.076,-1.099,-1.317,-0.041,0.164
1725,9.958,0.497,347.35,-85.252,-156.187,-62.128,-12.63,-5.701,297.139,-254.045,107.656,27.14,-1.114,-0.625,0.878,-2.153,-1.086,-1.329,-0.042,0.165
1726,10.411,0.317,346.93,-88.32,-154.454,-59.454,-12.361,-5.471,297.139,-254.045,107.656,33.237,-1.101,-0.648,0.879,-2.153,-1.071,-1.342,-0.042,0.166
1727,10.615,0.573,346.93,-88.32,-154.454,-62.715,-12.453,-5.482,297.139,-254.045,107.656,29.591,-1.1,-0.648,0.879,-2.153,-1.071,-1.343,-0.043,0.166
1728,10.8,0.569,346.057,-94.62,-154.547,-59.817,-12.769,-5.298,297.139,-254.045,107.656,30.657,-1.103,-0.696,0.878,-2.154,-1.057,-1.37,-0.043,0.167
1729,10.021,0.536,346.047,-88.437,-154.525,-56.575,-12.494,-5.339,297.567,-250.987,109.406,28.321,-1.105,-0.651,0.892,-2.125,-1.043,-1.332,-0.043,0.167
1730,10.227,0.458,346.057,-94.62,-154.547,-58.234,-12.975,-5.477,296.698,-257.223,109.46,32.374,-1.105,-0.696,0.894,-2.184,-1.06,-1.383,-0.043,0.167
1731,10.803,0.374,346.057,-94.62,-154.547,-56.515,-12.713,-5.429,297.139,-254.045,107.656,24.262,-1.103,-0.696,0.878,-2.154,-1.057,-1.369,-0.042,0.167
1732,10.309,0.164,345.627,-91.505,-152.792,-60.496,-12.853,-5.303,297.567,-250.987,109.406,31.382,-1.093,-0.673,0.891,-2.125,-1.029,-1.345,-0.042,0.166
1733,10.668,0.443,346.057,-94.62,-154.547,-59.746,-12.9,-5.752,297.603,-257.36,105.779,25.267,-1.104,-0.696,0.86,-2.177,-1.056,-1.381,-0.042,0.165
1734,10.36,0.223,346.502,-97.81,-152.758,-56.965,-12.536,-5.557,297.139,-254.045,107.656,28.99,-1.09,-0.718,0.878,-2.153,-1.058,-1.38,-0.041,0.165
1735,10.493,0.586,346.932,-100.925,-154.513,-61.561,-12.932,-5.517,297.985,-253.971,111.096,28.24,-1.101,-0.741,0.904,-2.146,-1.042,-1.39,-0.04,0.164
1736,10.398,0.666,347.376,-104.114,-152.724,-60.126,-12.671,-5.826,298.449,-257.287,109.219,30.76,-1.087,-0.763,0.887,-2.17,-1.04,-1.413,-0.04,0.162
1737,10.536,0.316,346.48,-104.156,-156.338,-59.822,-13.019,-5.608,298.021,-260.345,107.469,26.748,-1.116,-0.764,0.873,-2.2,-1.056,-1.428,-0.039,0.161
1738,10.228,0.272,346.06,-107.225,-154.606,-60.402,-12.756,-5.469,297.58,-263.523,109.272,32.824,-1.105,-0.788,0.89,-2.231,-1.044,-1.455,-0.038,0.159
1739,10.41,0.545,345.64,-110.293,-152.873,-59.678,-12.719,-5.692,298.021,-260.345,107.469,28.621,-1.093,-0.812,0.874,-2.2,-1.028,-1.455,-0.037,0.157
1740,10.353,-0.084,346.06,-107.225,-154.606,-54.498,-12.839,-5.518,298.021,-260.345,107.469,28.201,-1.105,-0.787,0.873,-2.201,-1.042,-1.441,-0.036,0.155
1741,10.266,0.314,345.188,-113.525,-154.698,-58.292,-12.211,-5.609,297.571,-269.566,109.211,28.27,-1.109,-0.836,0.892,-2.282,-1.029,-1.506,-0.035,0.153
1742,10.312,0.231,344.768,-116.593,-152.965,-54.537,-12.837,-5.564,298.021,-260.345,107.469,30.705,-1.097,-0.86,0.873,-2.2,-1.015,-1.481,-0.033,0.15
1743,10.124,0.222,345.188,-113.525,-154.698,-57.303,-12.8,-5.97,298.44,-263.33,109.158,25.003,-1.109,-0.836,0.887,-2.221,-1.014,-1.478,-0.032,0.147
1744,10.533,-0.149,345.212,-119.783,-151.177,-55.839,-12.748,-5.649,298.462,-269.823,109.085,29.291,-1.082,-0.881,0.886,-2.278,-1,-1.529,-0.031,0.144
1745,10.319,0.128,344.76,-123.014,-153.002,-56.022,-12.487,-5.52,298.44,-263.33,109.158,25.384,-1.097,-0.907,0.888,-2.223,-1,-1.517,-0.029,0.14
1746,10.857,-0.319,344.76,-123.014,-153.002,-54.627,-12.798,-5.659,297.571,-269.566,109.211,28.132,-1.096,-0.905,0.89,-2.282,-1.016,-1.543,-0.028,0.136
1747,10.761,0.044,344.76,-123.014,-153.002,-55.328,-12.569,-5.516,298.904,-266.645,107.281,26.11,-1.096,-0.906,0.87,-2.248,-0.997,-1.529,-0.026,0.132
1748,10.14,-0.305,344.34,-126.083,-151.269,-60.93,-12.885,-5.472,298.035,-272.881,107.335,23.873,-1.086,-0.929,0.872,-2.307,-1.002,-1.569,-0.024,0.128
1749,10.842,-0.005,345.191,-126.129,-154.757,-64.827,-12.834,-5.964,298.035,-272.881,107.335,29.657,-1.107,-0.928,0.872,-2.306,-1.028,-1.566,-0.022,0.123
1750,10.479,-0.546,345.635,-129.319,-152.968,-60.747,-12.433,-6.094,298.035,-272.881,107.335,26.885,-1.094,-0.949,0.873,-2.305,-1.028,-1.577,-0.02,0.119
1751,10.331,-0.379,345.214,-132.387,-151.235,-55.233,-12.669,-6.012,298.035,-272.881,107.335,31.39,-1.083,-0.973,0.873,-2.306,-1.015,-1.59,-0.019,0.114
1752,10.671,-0.486,344.763,-135.619,-153.061,-56.13,-13.203,-6.185,298.035,-272.881,107.335,29.187,-1.097,-0.998,0.871,-2.305,-1.015,-1.604,-0.017,0.108
1753,10.478,-0.789,345.635,-129.319,-152.968,-55.773,-12.975,-6.186,298.476,-269.703,105.531,25.343,-1.094,-0.948,0.855,-2.275,-1.028,-1.563,-0.015,0.103
1754,10.408,-0.753,345.214,-132.387,-151.235,-58.902,-12.838,-6.315,299.786,-272.945,107.094,26.084,-1.083,-0.972,0.865,-2.292,-0.982,-1.585,-0.013,0.097
1755,10.366,-0.508,345.214,-132.387,-151.235,-58.806,-13.097,-5.928,299.322,-269.629,108.97,29.927,-1.083,-0.973,0.881,-2.268,-0.985,-1.574,-0.011,0.092
1756,10.236,-0.662,343.919,-129.151,-149.537,-57.42,-12.792,-5.825,299.322,-269.629,108.97,30.411,-1.075,-0.952,0.882,-2.269,-0.956,-1.565,-0.009,0.086
1757,10.637,-0.072,343.888,-129.314,-153.095,-59.318,-12.485,-5.785,299.786,-272.945,107.094,25.378,-1.1,-0.955,0.866,-2.293,-0.967,-1.578,-0.007,0.08
1758,10.574,-0.106,343.468,-132.383,-151.362,-59.873,-12.3,-5.792,299.786,-272.945,107.094,24.71,-1.089,-0.979,0.867,-2.293,-0.954,-1.591,-0.005,0.075
1759,9.921,-0.166,343.888,-129.314,-153.095,-63.657,-12.705,-5.914,300.191,-263.393,108.917,27.593,-1.102,-0.955,0.88,-2.209,-0.954,-1.539,-0.003,0.069
1760,9.964,0.129,342.593,-126.078,-151.396,-61.496,-12.566,-5.966,300.227,-269.767,105.29,25.413,-1.093,-0.935,0.849,-2.263,-0.939,-1.555,0,0.063
1761,10.678,-0.104,343.013,-123.01,-153.129,-59.943,-12.609,-5.688,299.786,-272.945,107.094,22.997,-1.103,-0.911,0.866,-2.294,-0.953,-1.556,0.002,0.057
1762,10.214,-0.023,343.013,-123.01,-153.129,-63.927,-13.014,-5.561,300.655,-266.709,107.04,25.055,-1.104,-0.911,0.861,-2.235,-0.938,-1.529,0.005,0.052
1763,10.497,-0.087,343.465,-119.778,-151.304,-57.565,-12.576,-5.612,300.655,-266.709,107.04,26.805,-1.088,-0.886,0.863,-2.235,-0.937,-1.515,0.007,0.046
1764,10.41,0.043,342.593,-126.078,-151.396,-59.397,-12.476,-5.33,300.655,-266.709,107.04,26.884,-1.092,-0.935,0.863,-2.236,-0.923,-1.543,0.01,0.041
1765,10.381,0.101,342.593,-126.078,-151.396,-58.629,-12.828,-5.639,301.501,-266.635,110.48,27.233,-1.092,-0.935,0.889,-2.228,-0.894,-1.54,0.013,0.036
1766,10.239,0.39,342.569,-119.82,-154.918,-60.764,-12.82,-5.787,301.073,-269.693,108.73,26.849,-1.119,-0.89,0.875,-2.256,-0.923,-1.529,0.016,0.031
1767,10.459,0.358,342.17,-116.542,-149.605,-64.264,-12.832,-5.295,301.942,-263.457,108.676,28.608,-1.08,-0.866,0.872,-2.199,-0.879,-1.491,0.019,0.026
1768,10.593,-0.002,343.045,-122.846,-149.571,-61.924,-12.506,-5.243,301.965,-269.95,108.603,26.588,-1.077,-0.91,0.873,-2.254,-0.892,-1.539,0.022,0.021
1769,10.329,0.226,341.718,-119.773,-151.43,-59.328,-12.836,-5.29,302.406,-266.772,106.799,27.214,-1.095,-0.891,0.855,-2.223,-0.877,-1.516,0.025,0.017
1770,10.735,0.796,341.718,-119.773,-151.43,-62.177,-12.739,-5.158,301.501,-266.635,110.48,25.457,-1.094,-0.893,0.889,-2.229,-0.879,-1.519,0.029,0.013
1771,10.675,0.43,341.718,-119.773,-151.43,-59.775,-12.88,-5.825,301.965,-269.95,108.603,26.143,-1.094,-0.892,0.871,-2.252,-0.878,-1.53,0.032,0.009
1772,10.396,0.149,341.708,-113.59,-151.409,-59.755,-12.885,-5.327,301.942,-263.457,108.676,27.979,-1.095,-0.845,0.872,-2.199,-0.879,-1.48,0.036,0.005
1773,10.195,-0.287,341.718,-119.773,-151.43,-59.507,-13.054,-5.509,301.965,-269.95,108.603,29.317,-1.096,-0.889,0.871,-2.253,-0.879,-1.529,0.04,0.001
1774,10.368,0.455,341.718,-119.773,-151.43,-60.006,-12.789,-5.337,301.942,-263.457,108.676,22.208,-1.095,-0.892,0.872,-2.199,-0.879,-1.505,0.044,-0.003
1775,10.286,0.182,342.569,-119.82,-154.918,-59.309,-12.706,-5.607,301.942,-263.457,108.676,27.243,-1.119,-0.889,0.873,-2.198,-0.906,-1.502,0.047,-0.006
1776,10.179,0.26,342.59,-113.473,-151.338,-60.19,-12.566,-5.836,301.501,-266.635,110.48,25.131,-1.092,-0.842,0.889,-2.227,-0.894,-1.49,0.051,-0.009
1777,10.395,0.299,342.59,-113.473,-151.338,-60.243,-12.968,-5.243,301.501,-266.635,110.48,25.013,-1.092,-0.842,0.888,-2.229,-0.894,-1.491,0.055,-0.012
1778,10.618,-0.111,343.034,-116.663,-149.549,-59.491,-13.094,-5.335,301.073,-269.693,108.73,26.767,-1.076,-0.864,0.874,-2.258,-0.909,-1.515,0.058,-0.015
1779,10.223,0.449,343.013,-123.01,-153.129,-60.319,-12.75,-4.888,301.942,-263.457,108.676,25.494,-1.104,-0.912,0.872,-2.2,-0.907,-1.515,0.062,-0.018
1780,10.545,0.255,342.614,-119.731,-147.816,-59.449,-12.937,-5.426,300.619,-260.335,110.667,25.414,-1.065,-0.888,0.892,-2.182,-0.897,-1.493,0.066,-0.02
1781,9.657,0.632,343.034,-116.663,-149.549,-57.078,-12.794,-5.247,300.191,-263.393,108.917,25.719,-1.079,-0.866,0.879,-2.211,-0.927,-1.494,0.069,-0.023
1782,10.228,0.478,342.162,-122.963,-149.642,-64.243,-13.027,-5.608,300.191,-263.393,108.917,28.171,-1.081,-0.914,0.879,-2.21,-0.912,-1.52,0.072,-0.025
1783,10.279,0.386,342.17,-116.542,-149.605,-60.521,-13.027,-5.658,300.191,-263.393,108.917,24.937,-1.081,-0.866,0.879,-2.21,-0.912,-1.494,0.076,-0.027
1784,10.679,-0.071,342.17,-116.542,-149.605,-56.935,-12.837,-5.871,300.191,-263.393,108.917,25.408,-1.079,-0.865,0.879,-2.209,-0.911,-1.493,0.079,-0.029
1785,10.583,0.258,342.17,-116.542,-149.605,-59.68,-12.8,-5.432,299.773,-260.409,107.228,29.319,-1.08,-0.866,0.866,-2.189,-0.926,-1.484,0.082,-0.031
1786,10.281,0.227,343.034,-116.663,-149.549,-56.26,-12.89,-5.827,299.773,-260.409,107.228,24.669,-1.077,-0.864,0.866,-2.187,-0.94,-1.481,0.085,-0.032
1787,10.141,0.348,342.139,-116.705,-153.163,-58.308,-12.754,-5.513,299.322,-269.629,108.97,28.237,-1.108,-0.867,0.883,-2.27,-0.942,-1.522,0.087,-0.034
1788,10.323,-0.003,343.021,-116.588,-153.092,-59.777,-12.835,-5.873,300.191,-263.393,108.917,26.831,-1.104,-0.863,0.879,-2.209,-0.939,-1.491,0.09,-0.035
1789,10.397,0.085,343.465,-119.778,-151.304,-58.454,-12.963,-6.005,300.213,-269.887,108.844,26.149,-1.089,-0.886,0.878,-2.264,-0.939,-1.529,0.093,-0.037
1790,10.403,0.444,343.455,-113.595,-151.282,-54.083,-13.108,-5.834,299.75,-266.571,110.721,27.059,-1.089,-0.841,0.895,-2.24,-0.941,-1.493,0.095,-0.038
1791,10.489,0.629,343.917,-116.546,-149.478,-58.284,-12.738,-5.519,300.655,-266.709,107.04,28.985,-1.074,-0.863,0.862,-2.235,-0.938,-1.503,0.097,-0.039
1792,10.4,0.125,343.893,-110.288,-152.999,-59.541,-12.922,-6.189,300.655,-266.709,107.04,30.069,-1.1,-0.815,0.862,-2.233,-0.952,-1.476,0.099,-0.041
1793,10.616,0.422,343.462,-107.173,-151.245,-60.095,-12.615,-6.372,299.75,-266.571,110.721,24.638,-1.088,-0.794,0.897,-2.238,-0.94,-1.467,0.101,-0.042
1794,10.496,0.313,343.893,-110.288,-152.999,-54.46,-12.797,-6.24,300.191,-263.393,108.917,28.602,-1.1,-0.815,0.879,-2.208,-0.953,-1.465,0.103,-0.042
1795,10.401,0.403,343.883,-104.105,-152.978,-55.3,-12.796,-6.06,299.331,-263.587,109.031,28.558,-1.1,-0.77,0.883,-2.217,-0.969,-1.443,0.104,-0.043
1796,10.675,0.265,343.883,-104.105,-152.978,-58.416,-12.617,-6.415,299.331,-263.587,109.031,25.005,-1.099,-0.77,0.883,-2.215,-0.968,-1.443,0.106,-0.044
1797,11.012,-0.157,343.89,-97.684,-152.941,-59.552,-12.841,-6.057,299.773,-260.409,107.228,25.341,-1.098,-0.721,0.866,-2.186,-0.967,-1.404,0.107,-0.044
1798,10.483,0.429,344.755,-97.805,-152.885,-64.065,-12.924,-6.42,299.773,-260.409,107.228,30.33,-1.096,-0.722,0.866,-2.185,-0.981,-1.402,0.108,-0.044
1799,10.587,0.264,343.88,-91.5,-152.919,-59.743,-12.977,-6.326,299.331,-263.587,109.031,31.451,-1.099,-0.677,0.882,-2.216,-0.969,-1.393,0.109,-0.044
1800,10.872,1.088,344.332,-88.269,-151.093,-65.077,-12.738,-5.975,300.237,-263.724,105.351,30.331,-1.083,-0.654,0.849,-2.211,-0.965,-1.38,0.11,-0.043
1801,10.522,1.546,345.183,-88.315,-154.581,-66.009,-12.388,-6.236,299.773,-260.409,107.228,32.594,-1.107,-0.654,0.868,-2.186,-0.994,-1.366,0.111,-0.043
1802,10.505,1.279,345.624,-78.9,-152.734,-66.394,-12.88,-6.376,299.331,-263.587,109.031,31.026,-1.092,-0.584,0.883,-2.216,-0.996,-1.341,0.111,-0.042
1803,10.13,2.025,345.18,-75.711,-154.522,-64.578,-12.609,-6.371,300.2,-257.35,108.978,31.104,-1.108,-0.563,0.88,-2.156,-0.98,-1.304,0.112,-0.04
1804,10.58,1.97,344.298,-75.827,-154.593,-70.582,-12.301,-6.064,300.642,-254.172,107.174,31.876,-1.11,-0.565,0.865,-2.127,-0.963,-1.293,0.112,-0.038
1805,10.034,1.444,343.878,-78.896,-152.86,-65.999,-12.617,-5.618,299.318,-251.05,109.165,32.149,-1.1,-0.587,0.885,-2.112,-0.968,-1.297,0.112,-0.036
1806,10.283,1.927,343.003,-72.591,-152.894,-65.546,-12.316,-5.885,299.318,-251.05,109.165,27.539,-1.102,-0.543,0.886,-2.111,-0.953,-1.274,0.112,-0.034
1807,10.357,1.701,343.003,-72.591,-152.894,-71.713,-12.833,-5.707,299.782,-254.366,107.289,31.056,-1.102,-0.542,0.867,-2.136,-0.952,-1.286,0.112,-0.031
1808,10.242,1.6,343.003,-72.591,-152.894,-68.459,-12.496,-5.573,299.318,-251.05,109.165,30.063,-1.102,-0.542,0.885,-2.112,-0.954,-1.274,0.112,-0.028
1809,10.145,1.322,343.003,-72.591,-152.894,-66.725,-12.402,-5.669,298.854,-247.735,111.042,29.297,-1.103,-0.541,0.903,-2.087,-0.955,-1.261,0.112,-0.025
1810,10.199,1.71,343.003,-72.591,-152.894,-65.277,-12.668,-5.7,299.318,-251.05,109.165,27.564,-1.103,-0.543,0.884,-2.112,-0.954,-1.274,0.112,-0.021
1811,10.245,1.983,343.003,-72.591,-152.894,-68.363,-12.314,-5.613,299.318,-251.05,109.165,26.879,-1.102,-0.543,0.886,-2.112,-0.953,-1.274,0.112,-0.017
1812,10.186,2.096,343.003,-72.591,-152.894,-65.596,-12.625,-5.613,298.89,-254.109,107.415,29.981,-1.103,-0.544,0.871,-2.141,-0.969,-1.287,0.112,-0.013
1813,10.459,1.808,343.878,-78.896,-152.86,-64.532,-12.493,-5.525,298.89,-254.109,107.415,27.499,-1.099,-0.588,0.871,-2.141,-0.983,-1.31,0.112,-0.009
1814,10.495,1.31,344.729,-78.942,-156.348,-66.846,-12.942,-5.843,299.318,-251.05,109.165,29.193,-1.122,-0.585,0.884,-2.111,-0.996,-1.294,0.112,-0.005
1815,10.995,1.72,344.322,-82.085,-151.072,-67.378,-12.564,-5.793,299.318,-251.05,109.165,25.44,-1.083,-0.611,0.885,-2.111,-0.967,-1.308,0.112,-0.001
1816,10.458,1.312,344.301,-88.432,-154.652,-66.418,-12.719,-5.654,299.318,-251.05,109.165,29.641,-1.111,-0.656,0.884,-2.112,-0.982,-1.333,0.112,0.003
1817,10.455,1.266,344.332,-88.269,-151.093,-65.249,-13.073,-6.108,298.89,-254.109,107.415,28.135,-1.084,-0.655,0.87,-2.139,-0.984,-1.345,0.111,0.007
1818,10.719,0.963,344.332,-88.269,-151.093,-62.968,-13.079,-5.885,299.318,-251.05,109.165,25.7,-1.084,-0.654,0.883,-2.111,-0.968,-1.331,0.111,0.011
1819,10.151,0.703,344.755,-97.805,-152.885,-66.042,-12.678,-6.148,298.449,-257.287,109.219,27.52,-1.097,-0.723,0.887,-2.169,-0.999,-1.394,0.111,0.015
1820,10.375,0.846,346.057,-94.62,-154.547,-65.357,-12.716,-6.237,298.89,-254.109,107.415,28.531,-1.104,-0.697,0.871,-2.139,-1.025,-1.365,0.11,0.019
1821,10.419,1.059,345.207,-94.573,-151.059,-64.667,-12.493,-6.28,298.89,-254.109,107.415,29.344,-1.081,-0.699,0.871,-2.139,-0.997,-1.367,0.11,0.022
1822,10.767,0.838,344.755,-97.805,-152.885,-65.075,-12.666,-6.107,299.354,-257.424,105.538,26.434,-1.095,-0.723,0.854,-2.164,-0.995,-1.393,0.109,0.026
1823,10.13,0.732,344.334,-100.873,-151.152,-72.032,-12.626,-5.972,299.318,-251.05,109.165,27.867,-1.086,-0.746,0.885,-2.111,-0.969,-1.381,0.108,0.029
1824,10.277,0.835,344.334,-100.873,-151.152,-67.363,-12.754,-6.147,298.89,-254.109,107.415,33.219,-1.085,-0.747,0.871,-2.139,-0.984,-1.394,0.107,0.032
1825,10.374,0.935,344.327,-107.295,-151.189,-67.329,-12.896,-6.023,298.463,-257.167,105.665,29.612,-1.085,-0.794,0.856,-2.169,-0.999,-1.432,0.107,0.035
1826,10.413,0.655,344.779,-104.063,-149.363,-58.758,-12.57,-6.24,298.913,-260.602,107.342,28.941,-1.07,-0.769,0.87,-2.194,-0.983,-1.43,0.106,0.037
1827,10.242,0.946,344.327,-107.295,-151.189,-62,-12.993,-6.152,298.89,-254.109,107.415,27.085,-1.086,-0.794,0.87,-2.139,-0.984,-1.419,0.105,0.039
1828,10.179,0.31,343.907,-110.363,-149.456,-63.861,-12.849,-5.889,299.309,-257.093,109.104,27.494,-1.074,-0.816,0.883,-2.162,-0.956,-1.442,0.104,0.041
1829,10.499,0.872,344.337,-113.478,-151.211,-68.695,-12.62,-6.01,299.331,-263.587,109.031,26.857,-1.085,-0.84,0.883,-2.217,-0.969,-1.48,0.104,0.043
1830,10.194,0.398,343.893,-110.288,-152.999,-64.67,-12.794,-6.059,299.773,-260.409,107.228,25.739,-1.101,-0.816,0.866,-2.186,-0.968,-1.454,0.103,0.044
1831,10.541,0.713,343.907,-110.363,-149.456,-58.659,-12.974,-6.505,299.331,-263.587,109.031,29.248,-1.073,-0.817,0.882,-2.215,-0.955,-1.468,0.102,0.045
1832,10.098,0.259,342.59,-113.473,-151.338,-62.141,-12.398,-6.5,299.773,-260.409,107.228,31.127,-1.093,-0.842,0.868,-2.185,-0.94,-1.469,0.102,0.046
1833,10.136,0.868,343.034,-116.663,-149.549,-63.941,-13.097,-6.146,300.191,-263.393,108.917,25.326,-1.078,-0.866,0.878,-2.208,-0.926,-1.493,0.101,0.047
1834,10.092,0.22,343.034,-116.663,-149.549,-64.632,-12.97,-6.326,300.619,-260.335,110.667,31.422,-1.078,-0.864,0.892,-2.179,-0.911,-1.478,0.101,0.047
1835,10.223,0.516,343.034,-116.663,-149.549,-63.248,-12.491,-6.285,299.75,-266.571,110.721,27.114,-1.078,-0.865,0.897,-2.238,-0.927,-1.505,0.101,0.047
1836,9.834,0.433,343.465,-119.778,-151.304,-64.223,-12.355,-6.008,300.191,-263.393,108.917,24.002,-1.09,-0.887,0.881,-2.209,-0.94,-1.504,0.101,0.047
1837,10.237,0.32,343.465,-119.778,-151.304,-59.351,-12.615,-6.008,300.609,-266.378,110.606,25.453,-1.089,-0.887,0.893,-2.231,-0.925,-1.514,0.101,0.046
1838,9.874,0.208,343.465,-119.778,-151.304,-62.928,-13.107,-5.874,300.191,-263.393,108.917,29.626,-1.09,-0.886,0.878,-2.209,-0.941,-1.503,0.101,0.046
1839,10.447,0.609,344.33,-119.899,-151.248,-63.575,-12.748,-5.741,300.191,-263.393,108.917,28.534,-1.085,-0.886,0.88,-2.21,-0.953,-1.503,0.101,0.045
1840,10.278,0.326,343.909,-122.968,-149.515,-59.781,-12.933,-5.963,300.191,-263.393,108.917,23.25,-1.074,-0.909,0.879,-2.209,-0.94,-1.515,0.101,0.044
1841,10.638,-0.043,343.013,-123.01,-153.129,-61.288,-12.621,-6.009,300.619,-260.335,110.667,26.173,-1.103,-0.911,0.893,-2.18,-0.923,-1.504,0.101,0.042
1842,10.103,0.042,343.489,-126.036,-147.782,-62.643,-13.15,-6.056,299.331,-263.587,109.031,27.112,-1.064,-0.932,0.882,-2.217,-0.943,-1.53,0.102,0.041
1843,10.148,0.008,343.489,-126.036,-147.782,-64.63,-12.751,-6.015,298.867,-260.271,110.908,27.835,-1.063,-0.932,0.9,-2.192,-0.944,-1.518,0.102,0.039
1844,9.92,0.088,343.909,-122.968,-149.515,-62.976,-12.977,-5.922,298.867,-260.271,110.908,24.613,-1.076,-0.908,0.9,-2.192,-0.958,-1.505,0.102,0.037
1845,10.183,-0.138,343.909,-122.968,-149.515,-60.445,-12.934,-6.374,299.309,-257.093,109.104,25.716,-1.075,-0.908,0.883,-2.161,-0.956,-1.491,0.103,0.036
1846,10.284,0.375,344.34,-126.083,-151.269,-62.13,-12.938,-5.96,298.845,-253.778,110.981,25.356,-1.086,-0.931,0.9,-2.137,-0.972,-1.492,0.103,0.034
1847,10.244,0.313,343.909,-122.968,-149.515,-62.913,-12.983,-6.27,298.867,-260.271,110.908,30.353,-1.075,-0.909,0.9,-2.191,-0.958,-1.505,0.103,0.032
1848,10.083,-0.064,343.909,-122.968,-149.515,-64.725,-13.124,-6.203,298.403,-256.956,112.785,26.293,-1.075,-0.908,0.916,-2.167,-0.96,-1.493,0.103,0.03
1849,10.273,0.038,343.917,-116.546,-149.478,-62.615,-12.746,-6.239,299.309,-257.093,109.104,27.515,-1.074,-0.861,0.884,-2.161,-0.956,-1.466,0.103,0.028
1850,10.436,-0.289,343.885,-116.71,-153.036,-65.852,-12.719,-6.554,299.309,-257.093,109.104,28.218,-1.1,-0.861,0.884,-2.16,-0.969,-1.466,0.104,0.026
1851,10.141,-0.324,343.907,-110.363,-149.456,-62.443,-12.389,-6.503,299.309,-257.093,109.104,28.299,-1.074,-0.814,0.885,-2.16,-0.955,-1.441,0.104,0.024
1852,10.888,0.304,343.907,-110.363,-149.456,-59.934,-12.575,-6.017,299.736,-254.035,110.855,32.103,-1.072,-0.816,0.898,-2.133,-0.939,-1.429,0.104,0.022
1853,10.577,0.293,343.907,-110.363,-149.456,-63.09,-12.794,-6.103,299.331,-263.587,109.031,28.915,-1.073,-0.816,0.883,-2.216,-0.955,-1.468,0.104,0.021
1854,10.237,0.338,343.462,-107.173,-151.245,-64.872,-12.5,-5.707,299.309,-257.093,109.104,28.21,-1.089,-0.794,0.885,-2.163,-0.955,-1.431,0.104,0.019
1855,10.318,0.485,343.883,-104.105,-152.978,-60.069,-12.577,-6.01,299.736,-254.035,110.855,29.304,-1.1,-0.77,0.898,-2.133,-0.954,-1.405,0.104,0.018
1856,10.366,0.881,344.334,-100.873,-151.152,-59.432,-12.673,-6.513,298.449,-257.287,109.219,28.144,-1.085,-0.747,0.887,-2.168,-0.985,-1.407,0.104,0.016
1857,10.376,0.3,343.904,-97.758,-149.397,-57.801,-12.715,-5.707,298.854,-247.735,111.042,25.009,-1.073,-0.723,0.902,-2.087,-0.956,-1.357,0.105,0.015
1858,10.767,0.356,344.334,-100.873,-151.152,-57.754,-12.542,-6.284,298.413,-250.913,112.846,26.071,-1.084,-0.745,0.919,-2.115,-0.971,-1.381,0.105,0.015
1859,10.109,0.665,344.755,-97.805,-152.885,-62.605,-12.76,-5.709,298.854,-247.735,111.042,24.677,-1.097,-0.723,0.901,-2.087,-0.984,-1.356,0.105,0.014
1860,10.584,0.346,345.185,-100.92,-154.64,-62.627,-12.347,-5.798,298.854,-247.735,111.042,29.365,-1.107,-0.744,0.903,-2.086,-0.997,-1.367,0.105,0.014
1861,10.495,0.701,345.207,-94.573,-151.059,-62.525,-12.624,-6.377,298.436,-244.751,109.353,29.624,-1.081,-0.698,0.889,-2.062,-0.998,-1.33,0.104,0.014
1862,10.053,0.528,345.627,-91.505,-152.792,-59.797,-12.81,-5.977,297.995,-247.929,111.157,29.942,-1.094,-0.674,0.905,-2.093,-1.014,-1.331,0.104,0.014
1863,10.668,0.971,346.057,-94.62,-154.547,-63.361,-12.765,-5.985,298.854,-247.735,111.042,26.732,-1.104,-0.697,0.901,-2.086,-1.011,-1.341,0.104,0.015
1864,10.29,1.159,345.627,-91.505,-152.792,-63.466,-12.568,-6.339,298.854,-247.735,111.042,23.914,-1.093,-0.676,0.902,-2.085,-0.997,-1.329,0.103,0.015
1865,10.764,0.748,345.627,-91.505,-152.792,-63.011,-12.583,-6.253,298.436,-244.751,109.353,26.05,-1.092,-0.675,0.889,-2.062,-1.011,-1.318,0.103,0.016
1866,10.752,0.607,346.047,-88.437,-154.525,-60.571,-12.708,-5.668,298.877,-241.573,107.549,28.19,-1.103,-0.651,0.872,-2.034,-1.024,-1.292,0.102,0.018
1867,10.687,0.302,345.603,-85.247,-156.314,-66.368,-12.716,-5.752,298.436,-244.751,109.353,26.037,-1.118,-0.627,0.889,-2.064,-1.025,-1.293,0.101,0.019
1868,10.682,1.106,344.752,-85.2,-152.826,-60.066,-12.675,-6.11,298.413,-238.257,109.426,25.689,-1.095,-0.631,0.889,-2.008,-0.998,-1.27,0.1,0.021
1869,10.484,0.817,345.173,-82.132,-154.559,-61.454,-12.588,-5.93,297.972,-241.435,111.23,26.46,-1.107,-0.607,0.906,-2.038,-1.013,-1.27,0.1,0.023
1870,10.592,0.878,345.624,-78.9,-152.734,-64.013,-12.367,-5.712,297.554,-238.451,109.54,31.397,-1.092,-0.582,0.894,-2.016,-1.027,-1.246,0.099,0.025
1871,10.766,0.466,345.204,-81.969,-151.001,-64.467,-12.374,-5.976,297.554,-238.451,109.54,27.127,-1.08,-0.604,0.894,-2.016,-1.014,-1.258,0.098,0.028
1872,10.726,0.248,344.298,-75.827,-154.593,-62.259,-12.552,-5.436,297.554,-238.451,109.54,33.528,-1.109,-0.56,0.893,-2.017,-1.013,-1.236,0.097,0.03
1873,10.554,0.78,344.729,-78.942,-156.348,-66.491,-12.497,-5.528,297.09,-235.135,111.417,29.666,-1.121,-0.584,0.911,-1.992,-1.029,-1.236,0.095,0.033
1874,10.901,1.036,344.298,-75.827,-154.593,-65.703,-12.411,-6.066,297.554,-238.451,109.54,28.961,-1.109,-0.562,0.894,-2.015,-1.013,-1.236,0.094,0.036
1875,10.26,0.628,344.736,-72.521,-156.311,-64.28,-12.906,-6.111,297.554,-238.451,109.54,26.708,-1.122,-0.536,0.892,-2.015,-1.029,-1.221,0.093,0.04
1876,10.577,0.646,345.622,-66.296,-152.675,-67.089,-12.74,-5.986,298.423,-232.214,109.487,27.795,-1.092,-0.489,0.89,-1.957,-1.011,-1.169,0.092,0.043
1877,10.45,1.001,344.75,-72.596,-152.768,-63.295,-12.414,-6.108,299.305,-238.514,109.299,29.337,-1.095,-0.538,0.886,-2.004,-0.981,-1.219,0.091,0.047
1878,10.815,1.116,344.726,-66.338,-156.289,-62.967,-12.402,-6.068,299.305,-238.514,109.299,31.114,-1.12,-0.492,0.887,-2.004,-0.994,-1.195,0.089,0.051
1879,11.023,1.087,346.042,-63.227,-154.408,-65.135,-12.505,-5.8,298.841,-235.199,111.176,25.312,-1.102,-0.467,0.904,-1.98,-1.009,-1.168,0.088,0.056
1880,10.44,1.357,345.146,-63.269,-158.022,-68.981,-12.373,-5.85,298.828,-235.319,114.73,26.795,-1.133,-0.47,0.934,-1.981,-0.996,-1.171,0.087,0.06
1881,10.415,1.017,344.726,-66.338,-156.289,-64.332,-12.543,-5.661,298.841,-235.199,111.176,28.21,-1.121,-0.492,0.903,-1.98,-0.996,-1.183,0.086,0.065
1882,10.495,0.906,344.747,-59.991,-152.709,-62.883,-12.453,-5.525,298.841,-235.199,111.176,21.51,-1.095,-0.445,0.904,-1.981,-0.982,-1.158,0.085,0.07
1883,11.028,1.341,344.295,-63.223,-154.535,-67.985,-12.416,-5.712,299.746,-235.336,107.496,25.358,-1.108,-0.47,0.87,-1.975,-0.978,-1.171,0.084,0.074
1884,10.857,1.219,344.295,-63.223,-154.535,-66.096,-12.459,-5.76,298.841,-235.199,111.176,23.256,-1.109,-0.47,0.904,-1.98,-0.981,-1.172,0.083,0.08
1885,10.628,1.243,344.303,-56.801,-154.498,-69.739,-12.95,-5.53,298.423,-232.214,109.487,29.592,-1.109,-0.423,0.889,-1.958,-0.997,-1.136,0.083,0.085
1886,10.503,1.259,344.747,-59.991,-152.709,-65.093,-12.603,-5.762,297.959,-228.899,111.364,22.126,-1.095,-0.446,0.907,-1.932,-0.999,-1.135,0.082,0.09
1887,10.065,1.482,343.872,-53.686,-152.743,-62.524,-12.638,-5.484,298.423,-232.214,109.487,26.056,-1.099,-0.401,0.89,-1.958,-0.984,-1.124,0.081,0.095
1888,10.593,1.27,343.872,-53.686,-152.743,-63.537,-12.28,-5.491,298.851,-229.156,111.237,26.114,-1.098,-0.4,0.905,-1.929,-0.967,-1.111,0.08,0.101
1889,10.859,1.261,344.747,-59.991,-152.709,-65.671,-12.588,-5.393,298.423,-232.214,109.487,28.589,-1.094,-0.446,0.89,-1.959,-0.996,-1.148,0.08,0.107
1890,10.57,1.067,344.723,-53.733,-156.231,-65.104,-12.56,-5.491,297.959,-228.899,111.364,26.764,-1.121,-0.399,0.908,-1.933,-1.012,-1.11,0.079,0.112
1891,10.966,1.117,344.737,-53.808,-152.687,-65.125,-12.281,-5.535,298.851,-229.156,111.237,27.173,-1.093,-0.4,0.905,-1.929,-0.98,-1.11,0.079,0.118
1892,10.534,0.854,344.723,-53.733,-156.231,-69.166,-12.722,-5.846,298.851,-229.156,111.237,26.776,-1.121,-0.398,0.903,-1.928,-0.996,-1.109,0.078,0.124
1893,10.677,0.835,344.293,-50.618,-154.476,-70.38,-12.609,-5.712,298.387,-225.841,113.114,29.619,-1.109,-0.376,0.921,-1.904,-0.983,-1.085,0.078,0.13
1894,10.586,1.141,344.293,-50.618,-154.476,-61.857,-12.732,-6.117,299.269,-232.141,112.927,26.048,-1.109,-0.377,0.916,-1.95,-0.967,-1.108,0.077,0.136
1895,10.049,1.387,344.293,-50.618,-154.476,-66.128,-12.677,-5.937,298.851,-229.156,111.237,27.875,-1.111,-0.377,0.903,-1.928,-0.982,-1.098,0.077,0.142
1896,10.364,0.977,344.293,-50.618,-154.476,-61.913,-12.849,-5.802,299.269,-232.141,112.927,22.467,-1.11,-0.376,0.916,-1.951,-0.967,-1.109,0.077,0.148
1897,10.586,1.122,343.872,-53.686,-152.743,-63.955,-13.176,-5.757,299.292,-225.978,109.433,28.853,-1.098,-0.4,0.885,-1.899,-0.967,-1.097,0.076,0.154
1898,10.774,0.908,344.293,-50.618,-154.476,-59.427,-12.72,-5.89,299.71,-228.963,111.123,25.037,-1.108,-0.376,0.9,-1.921,-0.965,-1.095,0.076,0.16
1899,10.359,1.223,344.723,-53.733,-156.231,-61.514,-12.586,-5.792,300.174,-232.278,109.246,27.52,-1.121,-0.399,0.883,-1.946,-0.978,-1.119,0.076,0.166
1900,10.73,1.265,344.723,-53.733,-156.231,-63.193,-12.539,-5.613,299.71,-228.963,111.123,25.795,-1.12,-0.4,0.9,-1.922,-0.979,-1.108,0.076,0.172
1901,10.544,0.971,344.723,-53.733,-156.231,-64.84,-12.865,-5.531,299.269,-232.141,112.927,31.74,-1.121,-0.399,0.916,-1.952,-0.981,-1.121,0.076,0.178
1902,10.495,1.071,344.723,-53.733,-156.231,-69.295,-12.821,-6.072,300.174,-232.278,109.246,29.214,-1.121,-0.399,0.882,-1.945,-0.978,-1.119,0.076,0.183
1903,10.676,0.952,344.272,-56.965,-158.056,-66.038,-12.676,-5.665,300.174,-232.278,109.246,28.6,-1.135,-0.423,0.883,-1.947,-0.977,-1.133,0.076,0.189
1904,10.753,1.022,343.865,-60.108,-152.78,-68.283,-12.541,-5.485,299.733,-235.456,111.05,30.399,-1.097,-0.447,0.9,-1.977,-0.951,-1.16,0.076,0.194
1905,10.5,0.872,344.303,-56.801,-154.498,-66,-12.408,-5.851,299.697,-229.082,114.677,27.936,-1.109,-0.422,0.931,-1.922,-0.952,-1.12,0.076,0.199
1906,10.485,1.199,343.872,-53.686,-152.743,-62.699,-12.816,-5.843,299.279,-226.098,112.988,25.312,-1.098,-0.4,0.917,-1.9,-0.953,-1.098,0.076,0.205
1907,10.423,1.025,344.737,-53.808,-152.687,-66.152,-13.045,-5.675,298.387,-225.841,113.114,29.201,-1.095,-0.399,0.92,-1.904,-0.984,-1.097,0.076,0.21
1908,10.451,1.13,343.872,-53.686,-152.743,-66.383,-12.963,-5.576,298.387,-225.841,113.114,27.815,-1.098,-0.4,0.92,-1.904,-0.97,-1.099,0.077,0.214
1909,9.95,1.111,343.872,-53.686,-152.743,-66.748,-13.035,-5.845,297.959,-228.899,111.364,27.087,-1.099,-0.4,0.906,-1.932,-0.986,-1.111,0.077,0.219
1910,10.724,0.984,342.977,-53.728,-156.357,-63.283,-12.642,-5.63,298.387,-225.841,113.114,27.104,-1.127,-0.401,0.921,-1.904,-0.969,-1.1,0.077,0.224
1911,10.291,1.207,342.99,-53.803,-152.814,-65.005,-12.469,-5.805,298.387,-225.841,113.114,24.3,-1.102,-0.402,0.922,-1.903,-0.955,-1.1,0.077,0.229
1912,10.468,0.948,342.998,-47.382,-152.777,-62.181,-12.642,-5.796,298.851,-229.156,111.237,26.474,-1.101,-0.354,0.904,-1.928,-0.954,-1.087,0.078,0.233
1913,10.271,1.044,342.977,-53.728,-156.357,-61.554,-12.948,-5.746,299.269,-232.141,112.927,26.441,-1.128,-0.401,0.916,-1.951,-0.954,-1.123,0.078,0.238
1914,10.686,1.025,342.966,-47.545,-156.336,-66.775,-12.681,-6.115,299.71,-228.963,111.123,27.107,-1.127,-0.355,0.9,-1.92,-0.951,-1.085,0.079,0.242
1915,10.604,1.185,343.418,-44.313,-154.51,-59.966,-12.991,-6.246,300.128,-231.947,112.812,25.699,-1.112,-0.331,0.912,-1.942,-0.937,-1.083,0.079,0.246
1916,10.192,0.814,342.998,-47.382,-152.777,-61.263,-13.13,-6.427,300.138,-225.904,112.873,27.499,-1.102,-0.353,0.912,-1.891,-0.924,-1.071,0.08,0.251
1917,10.505,1.117,342.998,-47.382,-152.777,-61.135,-12.683,-6.247,299.71,-228.963,111.123,27.476,-1.101,-0.354,0.9,-1.92,-0.938,-1.084,0.08,0.255
1918,10.535,1.253,343.418,-44.313,-154.51,-66.129,-12.997,-6.12,299.269,-232.141,112.927,25.297,-1.112,-0.331,0.915,-1.95,-0.953,-1.085,0.081,0.259
1919,10.189,1.523,343.418,-44.313,-154.51,-64.558,-12.998,-6.026,299.71,-228.963,111.123,26.784,-1.113,-0.332,0.899,-1.921,-0.952,-1.072,0.082,0.263
1920,10.134,1.034,343.849,-47.428,-156.265,-63.246,-12.773,-6.067,299.71,-228.963,111.123,29.709,-1.125,-0.353,0.9,-1.92,-0.966,-1.083,0.082,0.267
1921,10.233,1.202,343.87,-41.082,-152.684,-63.224,-12.757,-5.62,299.697,-229.082,114.677,28.987,-1.098,-0.307,0.93,-1.923,-0.938,-1.059,0.083,0.271
1922,10.401,1.277,344.721,-41.128,-156.172,-64.98,-13.031,-5.982,299.71,-228.963,111.123,31.022,-1.121,-0.307,0.899,-1.921,-0.98,-1.057,0.084,0.274
1923,10.37,1.191,344.29,-38.013,-154.417,-65.043,-13.123,-6.069,300.138,-225.904,112.873,30.319,-1.109,-0.284,0.912,-1.892,-0.951,-1.033,0.085,0.278
1924,10.414,1.611,343.839,-41.245,-156.243,-60.877,-12.726,-5.886,300.138,-225.904,112.873,32.188,-1.124,-0.309,0.913,-1.892,-0.95,-1.047,0.085,0.282
1925,10.418,1.493,344.29,-38.013,-154.417,-65.992,-13.086,-5.53,299.71,-228.963,111.123,27.085,-1.109,-0.285,0.899,-1.922,-0.966,-1.047,0.086,0.286
1926,10.373,1.478,343.839,-41.245,-156.243,-64.801,-12.767,-5.616,300.602,-229.22,110.996,26.133,-1.124,-0.309,0.896,-1.918,-0.949,-1.06,0.087,0.29
1927,10.511,1.571,344.29,-38.013,-154.417,-61.792,-12.722,-5.53,300.174,-232.278,109.246,28.631,-1.109,-0.285,0.882,-1.947,-0.964,-1.059,0.087,0.293
1928,10.489,1.389,343.87,-41.082,-152.684,-62.541,-12.951,-5.439,299.697,-229.082,114.677,33.171,-1.097,-0.307,0.929,-1.924,-0.938,-1.06,0.088,0.297
1929,10.286,1.628,343.87,-41.082,-152.684,-61.106,-13.13,-5.749,300.138,-225.904,112.873,22.863,-1.098,-0.308,0.912,-1.893,-0.937,-1.047,0.089,0.301
1930,10.544,1.029,343.439,-37.967,-150.93,-67.827,-13.04,-5.982,299.279,-226.098,112.988,26.004,-1.086,-0.284,0.916,-1.899,-0.939,-1.036,0.089,0.304
1931,10.772,1.344,342.543,-38.009,-154.544,-64.988,-12.637,-5.662,299.71,-228.963,111.123,26.159,-1.115,-0.286,0.9,-1.922,-0.937,-1.049,0.09,0.308
1932,10.544,1.154,342.543,-38.009,-154.544,-63.29,-12.901,-5.705,299.269,-232.141,112.927,27.906,-1.115,-0.285,0.916,-1.951,-0.939,-1.062,0.091,0.311
1933,10.361,1.458,342.995,-34.777,-152.718,-61.424,-13.028,-5.929,298.851,-229.156,111.237,28.563,-1.101,-0.262,0.902,-1.928,-0.954,-1.038,0.092,0.314
1934,10.463,1.338,343.86,-34.898,-152.663,-64.583,-12.372,-5.982,299.674,-222.589,114.75,25.062,-1.097,-0.262,0.932,-1.867,-0.937,-1.009,0.092,0.318
1935,10.497,1.326,343.416,-31.709,-154.451,-65.147,-13.044,-5.577,299.72,-222.92,111.184,25.735,-1.112,-0.238,0.899,-1.871,-0.951,-0.999,0.093,0.321
1936,10.594,1.837,343.426,-37.892,-154.473,-67.426,-13.267,-5.979,299.697,-229.082,114.677,28.59,-1.112,-0.286,0.928,-1.922,-0.938,-1.048,0.094,0.324
1937,10.466,1.158,344.29,-38.013,-154.417,-66.848,-13.18,-5.26,299.674,-222.589,114.75,26.423,-1.109,-0.284,0.929,-1.869,-0.952,-1.022,0.095,0.328
1938,10.506,1.071,343.86,-34.898,-152.663,-69.736,-12.952,-5.082,300.138,-225.904,112.873,28.237,-1.097,-0.261,0.912,-1.895,-0.937,-1.022,0.095,0.331
1939,10.335,1.379,343.394,-38.055,-158.032,-64.596,-13.091,-5.263,300.138,-225.904,112.873,24.977,-1.139,-0.285,0.912,-1.894,-0.951,-1.036,0.096,0.334
1940,10.363,1.401,343.87,-41.082,-152.684,-60.017,-12.951,-5.446,300.138,-225.904,112.873,28.199,-1.098,-0.308,0.912,-1.894,-0.937,-1.047,0.097,0.337
1941,10.409,1.56,343.87,-41.082,-152.684,-66.062,-13.046,-5.399,299.674,-222.589,114.75,29.29,-1.098,-0.308,0.929,-1.869,-0.939,-1.035,0.098,0.34
1942,10.163,1.568,343.418,-44.313,-154.51,-65.903,-13.172,-5.265,300.138,-225.904,112.873,27.844,-1.113,-0.332,0.912,-1.894,-0.938,-1.061,0.098,0.343
1943,10.408,1.079,343.87,-41.082,-152.684,-67.814,-13.044,-5.615,300.579,-222.726,111.069,29.699,-1.098,-0.307,0.896,-1.864,-0.936,-1.033,0.099,0.346
1944,10.415,1.623,343.418,-44.313,-154.51,-65.667,-12.996,-5.443,300.138,-225.904,112.873,26.425,-1.113,-0.332,0.912,-1.894,-0.937,-1.061,0.1,0.349
1945,10.14,1.202,342.988,-41.198,-152.755,-61.056,-12.727,-5.301,300.138,-225.904,112.873,25.45,-1.102,-0.309,0.913,-1.894,-0.923,-1.049,0.101,0.351
1946,10.005,1.367,343.449,-44.15,-150.951,-69.944,-13,-5.665,300.138,-225.904,112.873,26.115,-1.087,-0.33,0.912,-1.893,-0.924,-1.059,0.101,0.354
1947,10.233,1.242,342.998,-47.382,-152.777,-65.835,-12.644,-5.626,299.674,-222.589,114.75,23.616,-1.102,-0.354,0.931,-1.868,-0.924,-1.06,0.102,0.356
1948,10.598,1.662,342.998,-47.382,-152.777,-66.709,-13.225,-5.407,300.138,-225.904,112.873,27.776,-1.101,-0.356,0.912,-1.894,-0.923,-1.074,0.103,0.358
1949,10.193,1.49,343.841,-53.85,-156.302,-68.467,-12.493,-5.616,299.697,-229.082,114.677,31.182,-1.125,-0.402,0.931,-1.923,-0.952,-1.11,0.104,0.36
1950,10.48,1.117,342.99,-53.803,-152.814,-63.593,-12.992,-5.348,300.556,-228.889,114.562,26.482,-1.101,-0.402,0.925,-1.917,-0.908,-1.109,0.105,0.362
1951,10.557,0.888,342.966,-47.545,-156.336,-64.908,-12.902,-5.845,300.556,-228.889,114.562,26.09,-1.127,-0.355,0.926,-1.915,-0.922,-1.083,0.106,0.364
1952,10.509,1.275,342.556,-56.797,-154.625,-65.695,-12.953,-5.488,301.02,-232.204,112.686,27.852,-1.116,-0.425,0.908,-1.941,-0.907,-1.134,0.106,0.365
1953,10.481,1.031,342.126,-53.682,-152.87,-65.444,-12.989,-5.349,301.02,-232.204,112.686,25.751,-1.104,-0.402,0.908,-1.942,-0.893,-1.122,0.107,0.367
1954,10.562,1.161,342.126,-53.682,-152.87,-65.975,-13.152,-5.805,301.902,-238.504,112.498,27.849,-1.104,-0.402,0.903,-1.988,-0.877,-1.145,0.108,0.368
1955,10.164,0.727,341.253,-59.982,-152.963,-66.335,-12.981,-5.749,301.438,-235.189,114.375,26.853,-1.109,-0.449,0.921,-1.963,-0.865,-1.159,0.109,0.368
1956,10.611,0.467,342.58,-63.055,-151.103,-64.272,-13.162,-5.973,302.366,-241.82,110.622,27.871,-1.089,-0.469,0.886,-2.012,-0.876,-1.192,0.111,0.369
1957,10.195,1.025,341.253,-59.982,-152.963,-64.437,-13.076,-6.161,301.474,-241.562,110.748,27.83,-1.109,-0.449,0.89,-2.015,-0.879,-1.184,0.112,0.369
1958,10.635,0.944,342.128,-66.286,-152.929,-65.066,-13.244,-6.153,301.033,-244.74,112.552,22.183,-1.104,-0.495,0.906,-2.045,-0.894,-1.22,0.113,0.369
1959,10.428,1.224,341.698,-63.171,-151.174,-60.979,-12.847,-6.014,301.01,-238.247,112.625,25.798,-1.093,-0.473,0.908,-1.991,-0.88,-1.184,0.115,0.368
1960,10.147,1.253,341.232,-66.328,-156.543,-63.373,-12.891,-5.882,300.997,-238.367,116.179,27.213,-1.136,-0.497,0.938,-1.992,-0.88,-1.198,0.116,0.367
1961,10.362,0.944,342.128,-66.286,-152.929,-65.735,-13.155,-5.746,301.474,-241.562,110.748,28.219,-1.105,-0.495,0.89,-2.016,-0.893,-1.208,0.118,0.366
1962,10.515,0.987,342.572,-69.476,-151.14,-61.484,-12.586,-5.748,301.474,-241.562,110.748,21.52,-1.09,-0.518,0.892,-2.016,-0.892,-1.219,0.119,0.365
1963,10.405,0.496,342.559,-69.401,-154.683,-63.419,-12.992,-6.016,301.474,-241.562,110.748,26.785,-1.117,-0.516,0.89,-2.015,-0.906,-1.218,0.121,0.364
1964,10.309,0.854,343.003,-72.591,-152.894,-65.28,-12.983,-5.801,300.605,-247.799,110.801,24.955,-1.102,-0.54,0.893,-2.075,-0.923,-1.257,0.122,0.362
1965,10.756,0.779,343.433,-75.706,-154.649,-67.483,-12.839,-5.571,301.474,-241.562,110.748,25.782,-1.113,-0.562,0.891,-2.017,-0.92,-1.242,0.124,0.36
1966,10.866,0.595,343.003,-72.591,-152.894,-62.684,-12.886,-5.301,300.141,-244.483,112.678,28.263,-1.101,-0.539,0.911,-2.051,-0.924,-1.245,0.125,0.358
1967,10.71,0.649,343.878,-78.896,-152.86,-61.923,-12.901,-5.527,299.723,-241.499,110.989,22.879,-1.098,-0.585,0.898,-2.028,-0.953,-1.257,0.126,0.355
1968,10.674,1.053,343.005,-85.196,-152.953,-59.125,-12.948,-5.394,299.723,-241.499,110.989,27.111,-1.102,-0.634,0.898,-2.029,-0.939,-1.284,0.127,0.353
1969,10.585,1.098,343.027,-78.849,-149.373,-58.791,-12.72,-5.572,299.282,-244.677,112.793,28.195,-1.075,-0.587,0.915,-2.058,-0.926,-1.272,0.128,0.35
1970,10.551,1.26,343.005,-85.196,-152.953,-55.15,-13.253,-5.749,298.854,-247.735,111.042,25.987,-1.102,-0.635,0.9,-2.086,-0.956,-1.311,0.129,0.346
1971,10.583,0.84,343.46,-94.569,-151.186,-56.61,-13.031,-5.969,298.854,-247.735,111.042,27.497,-1.087,-0.702,0.901,-2.086,-0.956,-1.346,0.13,0.343
1972,10.296,1.329,343.016,-91.379,-152.975,-59.904,-12.998,-5.751,298.413,-250.913,112.846,25.283,-1.103,-0.681,0.917,-2.117,-0.958,-1.349,0.131,0.339
1973,10.412,1.026,343.46,-94.569,-151.186,-58.631,-12.451,-5.921,298.89,-254.109,107.415,24.769,-1.088,-0.702,0.872,-2.14,-0.969,-1.371,0.131,0.335
1974,10.405,1.056,343.008,-97.8,-153.012,-58.39,-12.983,-6.058,299.309,-257.093,109.104,21.424,-1.103,-0.727,0.883,-2.162,-0.955,-1.396,0.132,0.331
1975,10.515,0.851,343.439,-100.915,-154.766,-54.417,-12.8,-6.237,298.867,-260.271,110.908,22.163,-1.114,-0.749,0.9,-2.191,-0.97,-1.42,0.132,0.326
1976,10.906,0.802,342.588,-100.869,-151.279,-55.845,-13.056,-6.733,300.655,-266.709,107.04,23.881,-1.09,-0.75,0.861,-2.231,-0.923,-1.442,0.132,0.321
1977,10.526,0.718,343.462,-107.173,-151.245,-54.392,-13.014,-6.459,300.655,-266.709,107.04,23.579,-1.088,-0.795,0.861,-2.232,-0.938,-1.466,0.132,0.315
1978,10.497,0.394,342.59,-113.473,-151.338,-59.447,-12.884,-6.722,300.632,-272.871,110.533,21.799,-1.092,-0.842,0.891,-2.283,-0.91,-1.516,0.132,0.31
1979,10.592,0.326,343.011,-110.405,-153.07,-56.46,-13.059,-6.815,299.786,-272.945,107.094,21.8,-1.103,-0.818,0.864,-2.29,-0.954,-1.505,0.132,0.303
1980,10.72,0.215,343.021,-116.588,-153.092,-60.661,-12.749,-6.906,299.786,-272.945,107.094,26.423,-1.102,-0.864,0.865,-2.29,-0.954,-1.529,0.132,0.296
1981,10.72,-0.091,343.021,-116.588,-153.092,-56.81,-13.465,-6.952,299.786,-272.945,107.094,23.115,-1.102,-0.863,0.863,-2.29,-0.955,-1.528,0.132,0.289
1982,10.355,0.072,343.045,-122.846,-149.571,-61.018,-12.879,-7.038,300.24,-282.303,105.156,23.583,-1.077,-0.91,0.847,-2.365,-0.94,-1.589,0.132,0.282
1983,10.61,0.066,343.895,-122.893,-153.058,-54.8,-12.654,-6.635,300.24,-282.303,105.156,23.655,-1.1,-0.908,0.848,-2.366,-0.967,-1.588,0.132,0.274
1984,10.423,0.36,342.593,-126.078,-151.396,-58.969,-13.051,-7.084,300.24,-282.303,105.156,20.328,-1.092,-0.936,0.847,-2.365,-0.94,-1.603,0.132,0.266
1985,10.382,0.003,343.037,-129.268,-149.608,-56.06,-12.742,-6.598,300.24,-282.303,105.156,24.604,-1.078,-0.957,0.848,-2.366,-0.939,-1.615,0.132,0.257
1986,10.309,-0.086,342.593,-126.078,-151.396,-53.619,-12.617,-6.904,300.668,-279.245,106.906,21.12,-1.092,-0.934,0.862,-2.336,-0.924,-1.59,0.131,0.248
1987,10.771,-0.082,342.593,-126.078,-151.396,-59.156,-12.746,-6.622,300.25,-276.26,105.217,22.202,-1.091,-0.935,0.848,-2.315,-0.938,-1.579,0.131,0.239
1988,10.728,0.235,343.468,-132.383,-151.362,-57.693,-13.052,-6.585,299.776,-278.988,107.033,25.717,-1.088,-0.98,0.864,-2.342,-0.955,-1.615,0.131,0.229
1989,10.494,0.577,343.037,-129.268,-149.608,-58.819,-13.287,-6.316,300.668,-279.245,106.906,24.643,-1.077,-0.959,0.859,-2.338,-0.925,-1.603,0.131,0.219
1990,10.606,0.582,343.037,-129.268,-149.608,-56.685,-13.1,-6.24,299.786,-272.945,107.094,20.352,-1.077,-0.959,0.864,-2.292,-0.941,-1.581,0.131,0.21
1991,10.711,-0.014,342.593,-126.078,-151.396,-56.212,-12.658,-6.456,299.786,-272.945,107.094,21.483,-1.091,-0.935,0.866,-2.291,-0.94,-1.568,0.131,0.2
1992,10.59,0.274,343.013,-123.01,-153.129,-54.287,-12.626,-6.636,299.786,-272.945,107.094,21.1,-1.103,-0.912,0.866,-2.291,-0.954,-1.555,0.13,0.19
1993,10.54,0.255,342.149,-122.888,-153.185,-60.931,-13.191,-6.594,299.786,-272.945,107.094,24.56,-1.107,-0.913,0.864,-2.291,-0.941,-1.556,0.13,0.18
1994,10.857,0.346,342.6,-119.657,-151.359,-57.766,-12.75,-6.413,299.322,-269.629,108.97,23.944,-1.091,-0.888,0.883,-2.267,-0.941,-1.531,0.13,0.171
1995,10.583,0.223,342.59,-113.473,-151.338,-62.257,-12.753,-6.32,299.367,-269.96,105.404,26.064,-1.091,-0.842,0.852,-2.27,-0.955,-1.508,0.13,0.162
1996,10.342,0.418,343.441,-113.52,-154.825,-59.367,-12.933,-6.199,298.904,-266.645,107.281,23.543,-1.115,-0.841,0.869,-2.245,-0.984,-1.494,0.129,0.152
1997,10.366,0.703,342.146,-110.284,-153.126,-60.125,-12.846,-6.68,298.904,-266.645,107.281,22.492,-1.107,-0.821,0.869,-2.244,-0.956,-1.484,0.129,0.144
1998,10.148,0.932,343.462,-107.173,-151.245,-61.406,-12.496,-6.322,300.237,-263.724,105.351,23.989,-1.089,-0.795,0.85,-2.21,-0.952,-1.455,0.128,0.135
1999,10.235,1.104,343.462,-107.173,-151.245,-60.802,-12.667,-6.244,299.345,-263.467,105.477,23.201,-1.089,-0.796,0.853,-2.215,-0.969,-1.457,0.128,0.127
2000,10.593,0.711,343.89,-97.684,-152.941,-63.349,-12.844,-6.011,299.773,-260.409,107.228,22.147,-1.099,-0.724,0.866,-2.187,-0.967,-1.405,0.128,0.119
